-1	29.124652	0.000000	0.000000
-2	29.124652	0.006532	0.190361
-3	29.124652	0.006541	0.190636
-4	30.026185	0.006689	0.200975
-5	30.026185	0.011278	0.338930
-6	30.026185	0.011297	0.339497
-7	30.026185	0.011316	0.340067
-8	30.139428	0.010943	0.330073
-9	30.139428	0.010068	0.303676
-10	30.139428	0.010084	0.304146
-11	30.237788	0.009258	0.280148
-12	30.237788	0.009270	0.280519
-13	30.237789	0.009282	0.280885
-14	30.506023	0.010370	0.316602
-15	30.506026	0.009965	0.304219
-16	30.506037	0.009980	0.304695
-17	30.506065	0.009599	0.293070
-18	30.506130	0.009615	0.293547
-19	30.309533	0.009041	0.274261
-20	30.309691	0.009053	0.274606
-21	30.309965	0.009065	0.274962
-22	30.310402	0.008462	0.256687
-23	30.313180	0.007869	0.238697
-24	30.771582	0.007863	0.242111
-25	30.774999	0.007258	0.223460
-26	27.359739	0.008031	0.219798
-27	27.363951	0.008042	0.220100
-28	29.135833	0.007630	0.222313
-29	29.145764	0.007648	0.222806
-30	29.152189	0.007659	0.223117
-31	29.157855	0.007126	0.207578
-32	29.162294	0.007134	0.207814
-33	27.664990	0.007010	0.193685
-34	27.665943	0.007017	0.193876
-35	27.665084	0.007024	0.194045
-36	27.662409	0.007030	0.194199
-37	27.657751	0.006533	0.180454
-38	27.653602	0.006536	0.180524
-39	29.181233	0.006276	0.182959
-40	29.175318	0.006278	0.183016
-41	29.169832	0.006280	0.183063
-42	29.165170	0.005823	0.169746
-43	29.251075	0.005963	0.174331
-44	21.466925	0.008091	0.173614
-45	21.466923	0.008091	0.173619
-46	21.468117	0.008091	0.173621
-47	21.470066	0.008091	0.173619
-48	21.474391	0.007523	0.161417
-49	21.478244	0.007522	0.161386
-50	29.178632	0.005512	0.160646
-51	29.182994	0.005511	0.160618
-52	29.187172	0.005510	0.160590
-53	29.190891	0.005115	0.149056
-54	29.193922	0.005113	0.149013
-55	29.397502	0.004697	0.137836
-56	29.129637	0.005017	0.145872
-57	29.129001	0.005016	0.145834
-58	29.126774	0.005014	0.145800
-59	29.212695	0.005186	0.151243
-60	29.207434	0.003518	0.102553
-61	29.457983	0.003436	0.101043
-62	29.451216	0.003432	0.100914
-63	28.425993	0.003539	0.100478
-64	28.419148	0.003534	0.100348
-65	28.412757	0.003530	0.100216
-66	28.407587	0.003525	0.100091
-67	28.403590	0.003521	0.099969
-68	28.400721	0.003517	0.099849
-69	28.398903	0.003513	0.099734
-70	28.810954	0.003511	0.101151
-71	28.810416	0.003508	0.101064
-72	28.809878	0.003504	0.100951
-73	28.809277	0.003500	0.100840
-74	28.808439	0.003497	0.100729
-75	28.807280	0.003493	0.100621
-76	25.644285	0.003833	0.098319
-77	25.642383	0.003830	0.098223
-78	27.895430	0.002652	0.074031
-79	27.892276	0.002652	0.074026
-80	26.256302	0.002714	0.071329
-81	26.249486	0.002714	0.071338
-82	26.241188	0.002714	0.071356
-83	26.231872	0.002459	0.064649
-84	23.244799	0.002670	0.062225
-85	22.624601	0.002945	0.066837
-86	22.620839	0.002947	0.066889
-87	22.619556	0.002950	0.066955
-88	22.625059	0.002411	0.054744
-89	22.631753	0.002416	0.054849
-90	29.064366	0.001915	0.055827
-91	29.071998	0.001918	0.055912
-92	29.079441	0.001921	0.056002
-93	29.087153	0.001925	0.056113
-94	29.093221	0.001929	0.056226
-95	29.097736	0.001933	0.056345
-96	29.100482	0.001937	0.056468
-97	29.101563	0.001941	0.056592
-98	29.179151	0.001843	0.053889
-99	29.177666	0.001847	0.053999
-100	29.175157	0.001851	0.054124
-101	29.172350	0.001514	0.044257
-102	29.170120	0.001517	0.044352
-103	29.525560	0.001178	0.034881
-104	29.525586	0.001182	0.034982
-105	29.215003	0.001112	0.032564
-106	29.218850	0.001115	0.032660
-107	29.224175	0.001118	0.032753
-108	29.230340	0.001121	0.032844
-109	29.236703	0.001125	0.032932
-110	29.242574	0.001127	0.033015
-111	29.247527	0.001130	0.033093
-112	29.251414	0.001133	0.033165
-113	29.254218	0.001135	0.033230
-114	29.256276	0.001137	0.033290
-115	29.257808	0.000768	0.022468
-116	29.259094	0.000768	0.022477
-117	29.260366	0.000769	0.022482
-118	28.520169	0.000772	0.021997
-119	28.521949	0.000772	0.021995
-120	28.524165	0.000771	0.021989
-121	28.974250	0.000786	0.022759
-122	28.977615	0.000713	0.020620
-123	28.981887	0.000712	0.020596
-124	28.450158	0.000713	0.020244
-125	28.456407	0.000712	0.020213
-126	28.463562	0.000711	0.020178
-127	28.471495	0.000709	0.020139
-128	28.528232	0.000748	0.021264
-129	28.534710	0.000746	0.021225
-130	28.540645	0.000745	0.021184
-131	28.549183	0.000663	0.018844
-132	28.598116	0.000615	0.017520
-133	28.598952	0.000614	0.017465
-134	29.416318	0.000623	0.018230
-135	29.412161	0.000620	0.018159
-136	28.564276	0.000649	0.018441
-137	28.554255	0.000646	0.018359
-138	28.542041	0.000643	0.018276
-139	29.144417	0.000629	0.018254
-140	29.130675	0.000626	0.018170
-141	29.117995	0.000623	0.018087
-142	28.270251	0.000646	0.018226
-143	28.262605	0.000643	0.018142
-144	28.638258	0.000616	0.017616
-145	28.699951	0.000000	0.000000
-146	28.699951	0.001184	0.033994
-147	28.699951	0.001185	0.034043
-148	28.789432	0.000834	0.024020
-149	28.789432	0.001406	0.040508
-150	28.789432	0.001408	0.040576
-151	28.789432	0.001411	0.040644
-152	28.789374	0.001780	0.051277
-153	28.789374	0.001637	0.047176
-154	28.789374	0.001640	0.047249
-155	28.789397	0.002498	0.071956
-156	28.789398	0.002501	0.072049
-157	28.789398	0.002504	0.072142
-158	28.699955	0.001291	0.037077
-159	28.699957	0.001240	0.035625
-160	28.699969	0.001242	0.035682
-161	28.699998	0.001195	0.034321
-162	28.700063	0.001197	0.034377
-163	29.147169	0.001855	0.054119
-164	29.147336	0.001858	0.054190
-165	29.147594	0.001860	0.054258
-166	29.148038	0.001736	0.050653
-167	29.150852	0.001615	0.047104
-168	27.364792	0.001612	0.044147
-169	27.367955	0.001488	0.040746
-170	28.623012	0.001563	0.044765
-171	28.627362	0.001566	0.044827
-172	28.811428	0.001491	0.042960
-173	28.821419	0.001495	0.043057
-174	28.827686	0.001497	0.043117
-175	28.833275	0.001393	0.040113
-176	28.837644	0.001394	0.040159
-177	28.571794	0.001912	0.054557
-178	28.572839	0.001914	0.054611
-179	28.572008	0.001916	0.054659
-180	28.569251	0.001917	0.054703
-181	28.564592	0.001782	0.050831
-182	28.560235	0.001783	0.050851
-183	28.912663	0.001679	0.048502
-184	28.906805	0.001680	0.048517
-185	28.901377	0.001680	0.048529
-186	28.896770	0.001558	0.044999
-187	29.027412	0.001394	0.040432
-188	28.756834	0.001432	0.041163
-189	28.756305	0.001432	0.041165
-190	28.757594	0.001432	0.041165
-191	28.760065	0.001432	0.041165
-192	28.764930	0.001332	0.038274
-193	28.770410	0.001331	0.038267
-194	28.865378	0.001352	0.038975
-195	28.869692	0.001352	0.038968
-196	28.873820	0.001351	0.038961
-197	28.877492	0.001254	0.036163
-198	28.880479	0.001254	0.036152
-199	28.748200	0.001647	0.047277
-200	29.555028	0.001328	0.039190
-201	29.554406	0.001328	0.039180
-202	29.552169	0.001328	0.039170
-203	28.966399	0.001165	0.033689
-204	28.961135	0.000790	0.022843
-205	28.954363	0.000836	0.024169
-206	28.947727	0.000835	0.024138
-207	28.895748	0.000846	0.024405
-208	28.888778	0.000845	0.024373
-209	28.882267	0.000843	0.024341
-210	28.876990	0.000842	0.024311
-211	28.872908	0.000841	0.024281
-212	28.869976	0.000840	0.024252
-213	28.868115	0.000839	0.024224
-214	28.956160	0.000782	0.022631
-215	28.955624	0.000781	0.022612
-216	28.955081	0.000780	0.022587
-217	28.954479	0.000779	0.022562
-218	28.953638	0.000778	0.022537
-219	28.952474	0.000778	0.022513
-220	28.861269	0.000854	0.024658
-221	28.859186	0.000853	0.024634
-222	28.721917	0.000474	0.013620
-223	28.718714	0.000474	0.013619
-224	24.558874	0.000664	0.016318
-225	24.552534	0.000664	0.016320
-226	24.544715	0.000664	0.016324
-227	24.536005	0.000601	0.014790
-228	28.720604	0.000599	0.017255
-229	28.621933	0.000443	0.012704
-230	28.616400	0.000443	0.012714
-231	28.613981	0.000443	0.012726
-232	28.618642	0.000362	0.010402
-233	28.627441	0.000363	0.010423
-234	28.640622	0.000334	0.009592
-235	28.648140	0.000334	0.009607
-236	28.655615	0.000335	0.009623
-237	28.663091	0.000336	0.009642
-238	28.669045	0.000336	0.009661
-239	28.673470	0.000337	0.009682
-240	28.676153	0.000338	0.009703
-241	28.677195	0.000338	0.009724
-242	28.989259	0.000433	0.012590
-243	28.987850	0.000434	0.012615
-244	28.985316	0.000435	0.012644
-245	28.982528	0.000356	0.010339
-246	28.980342	0.000357	0.010361
-247	26.143273	0.000294	0.007696
-248	26.143426	0.000294	0.007717
-249	28.891264	0.000354	0.010260
-250	28.895084	0.000355	0.010290
-251	28.900362	0.000356	0.010320
-252	28.906459	0.000357	0.010348
-253	28.912747	0.000358	0.010376
-254	28.918543	0.000359	0.010402
-255	28.923429	0.000360	0.010427
-256	28.927261	0.000361	0.010450
-257	28.930025	0.000362	0.010470
-258	28.932054	0.000362	0.010489
-259	28.933566	0.000245	0.007079
-260	28.934838	0.000245	0.007082
-261	28.936098	0.000245	0.007083
-262	28.937547	0.000262	0.007570
-263	28.939346	0.000262	0.007570
-264	28.941585	0.000262	0.007568
-265	28.899755	0.000235	0.006785
-266	28.903112	0.000213	0.006147
-267	28.907377	0.000213	0.006140
-268	28.867766	0.000224	0.006455
-269	28.874096	0.000224	0.006445
-270	28.881342	0.000223	0.006434
-271	28.889384	0.000223	0.006421
-272	28.808128	0.000182	0.005239
-273	28.814711	0.000182	0.005229
-274	28.820708	0.000182	0.005219
-275	28.829304	0.000162	0.004643
-276	27.577941	0.000214	0.005862
-277	27.578756	0.000213	0.005845
-278	29.326577	0.000172	0.005009
-279	29.322443	0.000171	0.004990
-280	28.777261	0.000161	0.004610
-281	28.767184	0.000160	0.004590
-282	28.754886	0.000160	0.004569
-283	28.920445	0.000156	0.004488
-284	28.906815	0.000155	0.004468
-285	28.894256	0.000154	0.004447
-286	28.974638	0.000146	0.004219
-287	28.966732	0.000145	0.004200
-288	28.872913	0.000159	0.004588
-289	26.822400	0.008347	0.224030
-290	26.822400	0.008354	0.224222
-291	26.822400	0.002625	0.070405
-292	26.822400	0.000000	0.000000
-293	26.822400	0.001159	0.031134
-294	26.822400	0.000000	0.000000
-295	26.822400	0.000000	0.000000
-296	26.822441	0.000531	0.014243
-297	26.822452	0.000504	0.013522
-298	26.822400	0.000000	0.000000
-299	26.823988	0.000832	0.022323
-300	26.825389	0.000835	0.022402
-301	26.822400	0.000000	0.000000
-302	26.822400	0.000000	0.000000
-303	26.822400	0.000000	0.000000
-304	26.865167	0.000704	0.018915
-305	26.822400	0.000000	0.000000
-306	26.861889	0.000663	0.017810
-307	26.822400	0.000000	0.000000
-308	26.838561	0.000630	0.016900
-309	26.822400	0.000000	0.000000
-310	26.822400	0.000000	0.000000
-311	26.839948	0.000561	0.015067
-312	26.822400	0.000000	0.000000
-313	26.863137	0.000533	0.014299
-314	26.822400	0.000000	0.000000
-315	26.822400	0.000000	0.000000
-316	26.852070	0.002221	0.059630
-317	26.822400	0.000000	0.000000
-318	26.822400	0.000000	0.000000
-319	26.822400	0.000000	0.000000
-320	26.822400	0.000000	0.000000
-321	26.801214	0.001310	0.035084
-322	26.822400	0.000000	0.000000
-323	26.822400	0.000000	0.000000
-324	26.767298	0.000308	0.008276
-325	26.822400	0.000000	0.000000
-326	26.822400	0.000000	0.000000
-327	26.745391	0.000548	0.014702
-328	26.822400	0.000000	0.000000
-329	26.822400	0.000000	0.000000
-330	26.791068	0.000458	0.012296
-331	26.793238	0.000460	0.012346
-332	26.822400	0.000000	0.000000
-333	26.822400	0.000000	0.000000
-334	26.832290	0.000533	0.014323
-335	26.822400	0.000000	0.000000
-336	26.847836	0.000103	0.002767
-337	26.822400	0.000000	0.000000
-338	26.900520	0.000105	0.002807
-339	26.822400	0.000000	0.000000
-340	29.124652	0.000000	0.000000
-341	28.638995	0.000612	0.017509
-342	28.699951	0.000000	0.000000
-343	28.873692	0.000158	0.004559
-344	26.822400	0.000000	0.000000
-345	26.822400	0.000000	0.000000
-346	26.834798	0.000840	0.022536
