-1	29.124652	0.000000	0.000000
-2	29.124652	0.000406	0.011786
-3	29.124652	0.000403	0.011689
-4	30.026185	0.000408	0.012208
-5	30.026185	0.000754	0.022557
-6	30.026185	0.000749	0.022401
-7	30.026185	0.000743	0.022243
-8	30.139428	0.000713	0.021401
-9	30.139428	0.000695	0.020874
-10	30.139428	0.000690	0.020723
-11	30.237787	0.000626	0.018868
-12	30.237784	0.000622	0.018749
-13	30.237777	0.000618	0.018631
-14	30.505962	0.000683	0.020773
-15	30.505904	0.000669	0.020332
-16	30.505708	0.000664	0.020186
-17	30.505221	0.000649	0.019731
-18	30.504097	0.000645	0.019593
-19	30.305596	0.000602	0.018170
-20	30.302863	0.000598	0.018071
-21	30.298163	0.000595	0.017968
-22	30.290747	0.000550	0.016623
-23	30.246368	0.000504	0.015223
-24	30.664069	0.000500	0.015324
-25	30.611673	0.000458	0.014042
-26	27.159609	0.000503	0.013729
-27	27.097953	0.000501	0.013667
-28	28.776205	0.000473	0.013731
-29	28.652986	0.000470	0.013647
-30	28.581578	0.000468	0.013600
-31	28.532792	0.000432	0.012574
-32	28.515191	0.000432	0.012553
-33	27.068305	0.000423	0.011674
-34	27.123055	0.000423	0.011669
-35	27.203351	0.000423	0.011669
-36	27.299638	0.000423	0.011675
-37	27.401654	0.000391	0.010812
-38	27.469421	0.000392	0.010823
-39	29.058536	0.000376	0.010978
-40	29.110379	0.000377	0.010993
-41	29.147963	0.000377	0.011008
-42	29.175439	0.000349	0.010170
-43	29.286009	0.000358	0.010460
-44	21.511661	0.000486	0.010437
-45	21.525804	0.000487	0.010455
-46	21.537284	0.000488	0.010471
-47	21.546281	0.000488	0.010484
-48	21.554154	0.000452	0.009704
-49	21.556102	0.000453	0.009720
-50	29.279140	0.000332	0.009688
-51	29.274442	0.000333	0.009699
-52	29.267115	0.000333	0.009711
-53	29.258295	0.000307	0.008960
-54	29.249006	0.000308	0.008972
-55	29.442064	0.000283	0.008314
-56	29.165197	0.000303	0.008814
-57	29.158716	0.000303	0.008827
-58	29.153263	0.000304	0.008840
-59	29.238311	0.000315	0.009186
-60	29.233870	0.000202	0.005895
-61	29.486809	0.000198	0.005830
-62	29.482470	0.000198	0.005841
-63	28.458687	0.000205	0.005837
-64	28.453781	0.000206	0.005848
-65	28.448459	0.000206	0.005860
-66	28.443196	0.000206	0.005872
-67	28.437900	0.000207	0.005883
-68	28.432551	0.000207	0.005893
-69	28.427438	0.000208	0.005903
-70	28.834770	0.000208	0.006008
-71	28.830834	0.000209	0.006015
-72	28.825744	0.000209	0.006023
-73	28.820745	0.000209	0.006031
-74	28.815879	0.000209	0.006039
-75	28.811407	0.000210	0.006046
-76	25.645888	0.000231	0.005923
-77	25.643824	0.000231	0.005929
-78	27.899607	0.000208	0.005801
-79	27.901446	0.000208	0.005804
-80	26.278866	0.000213	0.005596
-81	26.292102	0.000213	0.005597
-82	26.311059	0.000213	0.005597
-83	26.334291	0.000192	0.005032
-84	23.368945	0.000207	0.004820
-85	22.771254	0.000227	0.005148
-86	22.781414	0.000226	0.005128
-87	22.785292	0.000225	0.005104
-88	22.774118	0.000193	0.004363
-89	22.760729	0.000191	0.004327
-90	29.198587	0.000150	0.004355
-91	29.185494	0.000149	0.004328
-92	29.174012	0.000148	0.004300
-93	29.164220	0.000147	0.004266
-94	29.158713	0.000146	0.004232
-95	29.156981	0.000145	0.004197
-96	29.158292	0.000143	0.004161
-97	29.161475	0.000142	0.004124
-98	29.243973	0.000133	0.003879
-99	29.247031	0.000132	0.003848
-100	29.248921	0.000131	0.003812
-101	29.248394	0.000109	0.003170
-102	29.245748	0.000108	0.003141
-103	29.594669	0.000086	0.002532
-104	29.582468	0.000085	0.002498
-105	29.252235	0.000079	0.002285
-106	29.231676	0.000078	0.002253
-107	29.208582	0.000076	0.002222
-108	29.184535	0.000075	0.002191
-109	29.161023	0.000074	0.002161
-110	29.139952	0.000073	0.002131
-111	29.122672	0.000072	0.002103
-112	29.110010	0.000071	0.002076
-113	29.102519	0.000071	0.002051
-114	29.099908	0.000070	0.002027
-115	29.102043	0.000064	0.001875
-116	29.108276	0.000064	0.001852
-117	29.117554	0.000063	0.001831
-118	28.390623	0.000062	0.001771
-119	28.401736	0.000062	0.001752
-120	28.410986	0.000061	0.001734
-121	28.862122	0.000062	0.001779
-122	28.862489	0.000057	0.001640
-123	28.856139	0.000056	0.001630
-124	28.307446	0.000056	0.001596
-125	28.285880	0.000056	0.001589
-126	28.258123	0.000056	0.001584
-127	28.226140	0.000056	0.001581
-128	28.241701	0.000059	0.001674
-129	28.216949	0.000059	0.001676
-130	28.195761	0.000059	0.001681
-131	28.169684	0.000055	0.001584
-132	28.200678	0.000052	0.001500
-133	28.195081	0.000053	0.001518
-134	28.997876	0.000054	0.001609
-135	28.991647	0.000055	0.001637
-136	28.152235	0.000059	0.001703
-137	28.135080	0.000060	0.001741
-138	28.111603	0.000062	0.001784
-139	28.690404	0.000062	0.001836
-140	28.661752	0.000064	0.001887
-141	28.637277	0.000066	0.001944
-142	27.798438	0.000070	0.002020
-143	27.796281	0.000073	0.002088
-144	28.199306	0.000074	0.002141
-145	28.699951	0.000000	0.000000
-146	28.699951	0.000074	0.002104
-147	28.699951	0.000073	0.002087
-148	28.789432	0.000051	0.001458
-149	28.789432	0.000094	0.002695
-150	28.789432	0.000093	0.002676
-151	28.789432	0.000093	0.002657
-152	28.789374	0.000116	0.003323
-153	28.789374	0.000113	0.003242
-154	28.789374	0.000112	0.003218
-155	28.789395	0.000169	0.004843
-156	28.789393	0.000168	0.004814
-157	28.789386	0.000167	0.004783
-158	28.699884	0.000085	0.002431
-159	28.699835	0.000083	0.002380
-160	28.699627	0.000083	0.002363
-161	28.699129	0.000081	0.002309
-162	28.697992	0.000080	0.002293
-163	29.143319	0.000123	0.003585
-164	29.140435	0.000123	0.003564
-165	29.136026	0.000122	0.003545
-166	29.128476	0.000113	0.003279
-167	29.083793	0.000103	0.003003
-168	27.263094	0.000102	0.002792
-169	27.214877	0.000094	0.002558
-170	28.416289	0.000098	0.002797
-171	28.352486	0.000098	0.002784
-172	28.456076	0.000092	0.002653
-173	28.332598	0.000092	0.002637
-174	28.262827	0.000091	0.002628
-175	28.214929	0.000084	0.002430
-176	28.197903	0.000084	0.002426
-177	27.953853	0.000115	0.003288
-178	28.009531	0.000115	0.003287
-179	28.092048	0.000115	0.003287
-180	28.192513	0.000115	0.003289
-181	28.296299	0.000107	0.003045
-182	28.367787	0.000107	0.003048
-183	28.791614	0.000101	0.002910
-184	28.842864	0.000101	0.002914
-185	28.880011	0.000101	0.002918
-186	28.907162	0.000093	0.002696
-187	29.062225	0.000084	0.002426
-188	28.811338	0.000086	0.002473
-189	28.830948	0.000086	0.002478
-190	28.847299	0.000086	0.002482
-191	28.860478	0.000086	0.002485
-192	28.872614	0.000080	0.002300
-193	28.876733	0.000080	0.002304
-194	28.964709	0.000081	0.002350
-195	28.960030	0.000082	0.002353
-196	28.952764	0.000082	0.002356
-197	28.944034	0.000075	0.002174
-198	28.934853	0.000075	0.002177
-199	28.791587	0.000099	0.002852
-200	29.591195	0.000080	0.002368
-201	29.584603	0.000080	0.002371
-202	29.579057	0.000080	0.002375
-203	28.991803	0.000071	0.002046
-204	28.987371	0.000045	0.001313
-205	28.982744	0.000048	0.001395
-206	28.978487	0.000048	0.001397
-207	28.928951	0.000049	0.001418
-208	28.923965	0.000049	0.001420
-209	28.918561	0.000049	0.001423
-210	28.913208	0.000049	0.001426
-211	28.907825	0.000049	0.001429
-212	28.902389	0.000050	0.001431
-213	28.897190	0.000050	0.001434
-214	28.980095	0.000046	0.001344
-215	28.976193	0.000046	0.001346
-216	28.971048	0.000046	0.001348
-217	28.966024	0.000047	0.001349
-218	28.961132	0.000047	0.001351
-219	28.956632	0.000047	0.001353
-220	28.863037	0.000051	0.001485
-221	28.860564	0.000051	0.001487
-222	28.726021	0.000037	0.001067
-223	28.727812	0.000037	0.001068
-224	24.581700	0.000052	0.001280
-225	24.594163	0.000052	0.001280
-226	24.612151	0.000052	0.001280
-227	24.633942	0.000047	0.001151
-228	28.867135	0.000047	0.001338
-229	28.802686	0.000034	0.000980
-230	28.817608	0.000034	0.000976
-231	28.824480	0.000034	0.000971
-232	28.815051	0.000029	0.000832
-233	28.797224	0.000029	0.000824
-234	28.772688	0.000026	0.000748
-235	28.759797	0.000026	0.000744
-236	28.748316	0.000026	0.000739
-237	28.738866	0.000026	0.000733
-238	28.733493	0.000025	0.000727
-239	28.731832	0.000025	0.000721
-240	28.733151	0.000025	0.000715
-241	28.736297	0.000025	0.000709
-242	29.053772	0.000031	0.000906
-243	29.056718	0.000031	0.000899
-244	29.058614	0.000031	0.000890
-245	29.058069	0.000026	0.000741
-246	29.055506	0.000025	0.000734
-247	26.202362	0.000021	0.000557
-248	26.191702	0.000021	0.000550
-249	28.927814	0.000025	0.000720
-250	28.907459	0.000025	0.000710
-251	28.884599	0.000024	0.000700
-252	28.860831	0.000024	0.000690
-253	28.837605	0.000024	0.000681
-254	28.816809	0.000023	0.000671
-255	28.799773	0.000023	0.000663
-256	28.787309	0.000023	0.000654
-257	28.779954	0.000022	0.000646
-258	28.777426	0.000022	0.000638
-259	28.779579	0.000021	0.000591
-260	28.785776	0.000020	0.000583
-261	28.794978	0.000020	0.000577
-262	28.805972	0.000021	0.000609
-263	28.817271	0.000021	0.000603
-264	28.826708	0.000021	0.000597
-265	28.787906	0.000018	0.000530
-266	28.788257	0.000017	0.000489
-267	28.781900	0.000017	0.000486
-268	28.723365	0.000018	0.000509
-269	28.701564	0.000018	0.000507
-270	28.673471	0.000018	0.000505
-271	28.641036	0.000017	0.000504
-272	28.519140	0.000014	0.000412
-273	28.493985	0.000014	0.000413
-274	28.472566	0.000014	0.000414
-275	28.446327	0.000014	0.000390
-276	27.194349	0.000018	0.000503
-277	27.189250	0.000018	0.000508
-278	28.909394	0.000015	0.000442
-279	28.903202	0.000015	0.000450
-280	28.362196	0.000015	0.000426
-281	28.344963	0.000015	0.000435
-282	28.321338	0.000015	0.000446
-283	28.469812	0.000015	0.000452
-284	28.441408	0.000016	0.000464
-285	28.417203	0.000016	0.000478
-286	28.491004	0.000016	0.000467
-287	28.488327	0.000016	0.000483
-288	28.429406	0.000019	0.000557
-289	26.822400	0.000524	0.014003
-290	26.822400	0.000522	0.013936
-291	26.822400	0.000079	0.002103
-292	26.822400	0.000000	0.000000
-293	26.822400	0.000016	0.000432
-294	26.822400	0.000000	0.000000
-295	26.822400	0.000000	0.000000
-296	26.821696	0.000013	0.000352
-297	26.821488	0.000013	0.000343
-298	26.822400	0.000000	0.000000
-299	26.795623	0.000056	0.001479
-300	26.773077	0.000054	0.001447
-301	26.822400	0.000000	0.000000
-302	26.822400	0.000000	0.000000
-303	26.822400	0.000000	0.000000
-304	26.287776	0.000044	0.001175
-305	26.822400	0.000000	0.000000
-306	26.630328	0.000042	0.001119
-307	26.822400	0.000000	0.000000
-308	26.851960	0.000040	0.001077
-309	26.822400	0.000000	0.000000
-310	26.822400	0.000000	0.000000
-311	26.939944	0.000037	0.000990
-312	26.822400	0.000000	0.000000
-313	26.923723	0.000035	0.000948
-314	26.822400	0.000000	0.000000
-315	26.822400	0.000000	0.000000
-316	26.878054	0.000151	0.004043
-317	26.822400	0.000000	0.000000
-318	26.822400	0.000000	0.000000
-319	26.822400	0.000000	0.000000
-320	26.822400	0.000000	0.000000
-321	26.804955	0.000021	0.000553
-322	26.822400	0.000000	0.000000
-323	26.822400	0.000000	0.000000
-324	26.871514	0.000026	0.000692
-325	26.822400	0.000000	0.000000
-326	26.822400	0.000000	0.000000
-327	26.932105	0.000031	0.000825
-328	26.822400	0.000000	0.000000
-329	26.822400	0.000000	0.000000
-330	26.858948	0.000027	0.000734
-331	26.855969	0.000028	0.000746
-332	26.822400	0.000000	0.000000
-333	26.822400	0.000000	0.000000
-334	26.691706	0.000006	0.000170
-335	26.822400	0.000000	0.000000
-336	26.732038	0.000006	0.000157
-337	26.822400	0.000000	0.000000
-338	26.546652	0.000005	0.000144
-339	26.822400	0.000000	0.000000
-340	29.124652	0.000000	0.000000
-341	28.255849	0.000077	0.002252
-342	28.699951	0.000000	0.000000
-343	28.487800	0.000020	0.000587
-344	26.822400	0.000000	0.000000
-345	26.822400	0.000000	0.000000
-346	26.634900	0.000052	0.001392
