-1	29.124652	0.000000	0.000000
-2	29.124652	0.004563	0.132973
-3	29.124652	0.004568	0.133128
-4	30.026185	0.004670	0.140310
-5	30.026185	0.007729	0.232169
-6	30.026185	0.007736	0.232368
-7	30.026185	0.007742	0.232568
-8	30.139428	0.007480	0.225549
-9	30.139428	0.006591	0.198751
-10	30.139428	0.006598	0.198969
-11	30.237789	0.006054	0.183163
-12	30.237789	0.006060	0.183335
-13	30.237791	0.006065	0.183505
-14	30.506032	0.006773	0.206729
-15	30.506045	0.006434	0.196389
-16	30.506088	0.006442	0.196632
-17	30.506196	0.006123	0.186921
-18	30.506443	0.006132	0.187184
-19	30.310139	0.005765	0.174853
-20	30.310740	0.005771	0.175043
-21	30.311775	0.005778	0.175240
-22	30.313406	0.005422	0.164454
-23	30.323135	0.005072	0.153841
-24	30.787390	0.005067	0.156008
-25	30.798559	0.004712	0.145064
-26	27.387982	0.005213	0.142660
-27	27.400424	0.005219	0.142830
-28	29.183422	0.004951	0.144244
-29	29.204799	0.004961	0.144530
-30	29.215298	0.004968	0.144715
-31	29.220522	0.004652	0.135530
-32	29.219760	0.004658	0.135691
-33	27.709951	0.004577	0.126480
-34	27.698666	0.004583	0.126625
-35	27.684847	0.004588	0.126764
-36	27.669977	0.004593	0.126901
-37	27.655381	0.004294	0.118627
-38	27.646156	0.004297	0.118730
-39	29.170337	0.004129	0.120401
-40	29.163943	0.004133	0.120515
-41	29.159679	0.004137	0.120624
-42	29.156929	0.003856	0.112438
-43	29.244546	0.003951	0.115568
-44	21.462548	0.005367	0.115223
-45	21.461317	0.005373	0.115348
-46	21.460059	0.005379	0.115459
-47	21.458758	0.005383	0.115562
-48	21.456560	0.005028	0.107931
-49	21.454812	0.005034	0.108059
-50	29.141056	0.003693	0.107677
-51	29.139278	0.003696	0.107790
-52	29.137620	0.003700	0.107913
-53	29.136149	0.003452	0.100685
-54	29.134927	0.003457	0.100819
-55	29.335154	0.003181	0.093418
-56	29.066634	0.003404	0.099050
-57	29.066810	0.003409	0.099219
-58	29.067699	0.003415	0.099402
-59	29.158655	0.003539	0.103329
-60	29.161166	0.001998	0.058300
-61	29.421692	0.001956	0.057579
-62	29.425443	0.001958	0.057630
-63	28.412865	0.002024	0.057519
-64	28.417315	0.002026	0.057578
-65	28.421868	0.002028	0.057641
-66	28.425930	0.002030	0.057703
-67	28.429433	0.002032	0.057763
-68	28.432272	0.002034	0.057822
-69	28.434307	0.002036	0.057877
-70	28.849742	0.002041	0.058848
-71	28.850377	0.002042	0.058887
-72	28.850784	0.002044	0.058936
-73	28.850943	0.002046	0.058982
-74	28.851017	0.002047	0.059027
-75	28.851130	0.002049	0.059070
-76	25.685507	0.002254	0.057846
-77	25.685775	0.002255	0.057886
-78	27.945826	0.001771	0.049432
-79	27.945854	0.001770	0.049406
-80	26.311738	0.001810	0.047574
-81	26.310049	0.001809	0.047550
-82	26.307240	0.001809	0.047531
-83	26.303417	0.001607	0.042248
-84	23.312988	0.001744	0.040647
-85	22.693958	0.001923	0.043645
-86	22.691205	0.001924	0.043668
-87	22.689135	0.001926	0.043703
-88	22.688013	0.001595	0.036207
-89	22.688096	0.001597	0.036257
-90	29.126295	0.001266	0.036884
-91	29.126677	0.001267	0.036929
-92	29.126832	0.001269	0.036977
-93	29.126413	0.001271	0.037037
-94	29.125240	0.001273	0.037099
-95	29.123060	0.001275	0.037166
-96	29.119785	0.001277	0.037234
-97	29.115312	0.001280	0.037304
-98	29.187128	0.001215	0.035510
-99	29.180936	0.001217	0.035573
-100	29.173231	0.001219	0.035645
-101	29.165385	0.001029	0.030076
-102	29.159058	0.001031	0.030130
-103	29.509173	0.000837	0.024757
-104	29.505445	0.000839	0.024816
-105	29.192016	0.000789	0.023091
-106	29.193619	0.000791	0.023152
-107	29.197333	0.000793	0.023214
-108	29.202294	0.000795	0.023277
-109	29.207620	0.000797	0.023342
-110	29.212452	0.000799	0.023409
-111	29.216296	0.000802	0.023478
-112	29.219038	0.000804	0.023548
-113	29.220825	0.000806	0.023619
-114	29.222126	0.000809	0.023692
-115	29.223358	0.000530	0.015530
-116	29.224905	0.000532	0.015603
-117	29.226977	0.000535	0.015677
-118	28.488844	0.000539	0.015414
-119	28.492005	0.000542	0.015491
-120	28.495507	0.000545	0.015568
-121	28.946133	0.000558	0.016200
-122	28.950077	0.000500	0.014517
-123	28.954529	0.000503	0.014595
-124	28.423145	0.000507	0.014444
-125	28.429011	0.000510	0.014523
-126	28.435658	0.000513	0.014601
-127	28.443011	0.000515	0.014678
-128	28.499123	0.000547	0.015611
-129	28.505202	0.000549	0.015673
-130	28.510914	0.000551	0.015732
-131	28.521507	0.000482	0.013747
-132	28.576192	0.000452	0.012908
-133	28.583260	0.000453	0.012952
-134	29.408741	0.000463	0.013601
-135	29.419549	0.000465	0.013647
-136	28.591474	0.000489	0.013960
-137	28.606102	0.000491	0.013998
-138	28.621731	0.000492	0.014029
-139	29.254704	0.000484	0.014098
-140	29.268390	0.000485	0.014113
-141	29.278593	0.000485	0.014119
-142	28.440359	0.000505	0.014283
-143	28.440325	0.000505	0.014270
-144	28.811264	0.000486	0.013905
-145	28.699951	0.000000	0.000000
-146	28.699951	0.000827	0.023746
-147	28.699951	0.000828	0.023773
-148	28.789432	0.000582	0.016769
-149	28.789432	0.000963	0.027747
-150	28.789432	0.000964	0.027771
-151	28.789432	0.000965	0.027795
-152	28.789374	0.001217	0.035038
-153	28.789374	0.001072	0.030875
-154	28.789374	0.001073	0.030909
-155	28.789398	0.001633	0.047044
-156	28.789398	0.001635	0.047087
-157	28.789400	0.001636	0.047130
-158	28.699965	0.000843	0.024209
-159	28.699976	0.000801	0.022998
-160	28.700022	0.000802	0.023027
-161	28.700132	0.000762	0.021890
-162	28.700382	0.000763	0.021920
-163	29.147762	0.001183	0.034503
-164	29.148396	0.001184	0.034542
-165	29.149367	0.001186	0.034579
-166	29.151027	0.001113	0.032452
-167	29.160821	0.001041	0.030359
-168	27.379700	0.001039	0.028446
-169	27.389948	0.000966	0.026450
-170	28.652222	0.001015	0.029055
-171	28.665120	0.001016	0.029090
-172	28.858459	0.000968	0.027874
-173	28.879841	0.000970	0.027930
-174	28.890087	0.000971	0.027966
-175	28.895183	0.000909	0.026191
-176	28.894369	0.000910	0.026222
-177	28.618638	0.001248	0.035627
-178	28.607074	0.001250	0.035668
-179	28.592817	0.001251	0.035707
-180	28.577270	0.001253	0.035746
-181	28.562392	0.001171	0.033415
-182	28.552649	0.001172	0.033444
-183	28.901863	0.001105	0.031918
-184	28.895546	0.001106	0.031948
-185	28.891335	0.001107	0.031977
-186	28.888620	0.001032	0.029807
-187	29.020938	0.000923	0.026804
-188	28.751293	0.000950	0.027311
-189	28.749690	0.000951	0.027341
-190	28.748024	0.000952	0.027368
-191	28.746261	0.000953	0.027393
-192	28.743646	0.000890	0.025580
-193	28.741117	0.000891	0.025612
-194	28.828139	0.000906	0.026124
-195	28.826381	0.000907	0.026152
-196	28.824742	0.000908	0.026181
-197	28.823291	0.000847	0.024428
-198	28.822086	0.000848	0.024460
-199	28.687202	0.001116	0.032043
-200	29.491092	0.000901	0.026610
-201	29.491261	0.000903	0.026655
-202	29.492151	0.000904	0.026704
-203	28.912852	0.000795	0.023017
-204	28.915368	0.000449	0.012986
-205	28.918898	0.000476	0.013773
-206	28.922579	0.000476	0.013785
-207	28.882215	0.000484	0.013970
-208	28.886740	0.000484	0.013984
-209	28.891372	0.000485	0.014000
-210	28.895513	0.000485	0.014015
-211	28.899084	0.000486	0.014029
-212	28.901982	0.000486	0.014044
-213	28.904062	0.000487	0.014057
-214	28.995144	0.000454	0.013167
-215	28.995776	0.000455	0.013175
-216	28.996190	0.000455	0.013186
-217	28.996350	0.000455	0.013196
-218	28.996424	0.000456	0.013206
-219	28.996537	0.000456	0.013216
-220	28.907334	0.000502	0.014504
-221	28.907635	0.000502	0.014514
-222	28.773693	0.000316	0.009094
-223	28.773733	0.000316	0.009090
-224	24.611143	0.000443	0.010883
-225	24.609533	0.000442	0.010878
-226	24.606843	0.000442	0.010873
-227	24.603231	0.000393	0.009665
-228	28.804034	0.000392	0.011272
-229	28.709356	0.000289	0.008296
-230	28.705513	0.000289	0.008301
-231	28.702682	0.000289	0.008307
-232	28.700832	0.000240	0.006881
-233	28.700856	0.000240	0.006890
-234	28.701576	0.000221	0.006338
-235	28.701951	0.000221	0.006345
-236	28.702094	0.000221	0.006354
-237	28.701672	0.000222	0.006364
-238	28.700504	0.000222	0.006375
-239	28.698337	0.000222	0.006386
-240	28.695092	0.000223	0.006398
-241	28.690666	0.000223	0.006410
-242	28.997064	0.000286	0.008296
-243	28.991149	0.000286	0.008310
-244	28.983372	0.000287	0.008327
-245	28.975578	0.000242	0.007026
-246	28.969381	0.000242	0.007039
-247	26.128248	0.000208	0.005462
-248	26.125268	0.000209	0.005474
-249	28.868507	0.000251	0.007276
-250	28.870115	0.000252	0.007295
-251	28.873804	0.000253	0.007314
-252	28.878713	0.000253	0.007334
-253	28.883974	0.000254	0.007355
-254	28.888742	0.000255	0.007376
-255	28.892531	0.000255	0.007397
-256	28.895232	0.000256	0.007420
-257	28.896994	0.000257	0.007442
-258	28.898279	0.000258	0.007465
-259	28.899501	0.000169	0.004893
-260	28.901036	0.000170	0.004916
-261	28.903093	0.000170	0.004940
-262	28.905744	0.000183	0.005305
-263	28.908945	0.000184	0.005331
-264	28.912492	0.000185	0.005358
-265	28.871711	0.000167	0.004829
-266	28.875645	0.000149	0.004328
-267	28.880088	0.000150	0.004351
-268	28.840362	0.000159	0.004605
-269	28.846305	0.000160	0.004630
-270	28.853037	0.000161	0.004655
-271	28.860491	0.000162	0.004680
-272	28.778736	0.000133	0.003846
-273	28.784915	0.000134	0.003861
-274	28.790685	0.000135	0.003876
-275	28.801257	0.000118	0.003387
-276	27.557355	0.000157	0.004321
-277	27.563757	0.000157	0.004335
-278	29.319150	0.000128	0.003738
-279	29.329870	0.000128	0.003750
-280	28.804481	0.000121	0.003490
-281	28.819207	0.000122	0.003499
-282	28.834957	0.000122	0.003507
-283	29.030097	0.000120	0.003467
-284	29.043652	0.000120	0.003470
-285	29.053734	0.000120	0.003472
-286	29.148785	0.000114	0.003306
-287	29.148928	0.000114	0.003303
-288	29.047711	0.000126	0.003621
-289	26.822400	0.005833	0.156535
-290	26.822400	0.005837	0.156643
-291	26.822400	0.002020	0.054239
-292	26.822400	0.000000	0.000000
-293	26.822400	0.001163	0.031186
-294	26.822400	0.000000	0.000000
-295	26.822400	0.000000	0.000000
-296	26.822555	0.000437	0.011717
-297	26.822601	0.000415	0.011118
-298	26.822400	0.000000	0.000000
-299	26.828291	0.000490	0.013157
-300	26.833229	0.000491	0.013187
-301	26.822400	0.000000	0.000000
-302	26.822400	0.000000	0.000000
-303	26.822400	0.000000	0.000000
-304	26.919059	0.000417	0.011179
-305	26.822400	0.000000	0.000000
-306	26.858578	0.000402	0.010789
-307	26.822400	0.000000	0.000000
-308	26.831238	0.000391	0.010488
-309	26.822400	0.000000	0.000000
-310	26.822400	0.000000	0.000000
-311	26.822116	0.000359	0.009638
-312	26.822400	0.000000	0.000000
-313	26.812278	0.000341	0.009149
-314	26.822400	0.000000	0.000000
-315	26.822400	0.000000	0.000000
-316	26.817810	0.002066	0.055511
-317	26.822400	0.000000	0.000000
-318	26.822400	0.000000	0.000000
-319	26.822400	0.000000	0.000000
-320	26.822400	0.000000	0.000000
-321	26.849474	0.000518	0.013927
-322	26.822400	0.000000	0.000000
-323	26.822400	0.000000	0.000000
-324	26.840261	0.000242	0.006480
-325	26.822400	0.000000	0.000000
-326	26.822400	0.000000	0.000000
-327	26.823222	0.000336	0.009014
-328	26.822400	0.000000	0.000000
-329	26.822400	0.000000	0.000000
-330	26.778375	0.000262	0.007042
-331	26.782563	0.000260	0.006976
-332	26.822400	0.000000	0.000000
-333	26.822400	0.000000	0.000000
-334	26.800872	0.000404	0.010838
-335	26.822400	0.000000	0.000000
-336	26.822322	0.000085	0.002287
-337	26.822400	0.000000	0.000000
-338	26.873356	0.000097	0.002604
-339	26.822400	0.000000	0.000000
-340	29.124652	0.000000	0.000000
-341	28.791327	0.000484	0.013847
-342	28.699951	0.000000	0.000000
-343	29.027095	0.000125	0.003606
-344	26.822400	0.000000	0.000000
-345	26.822400	0.000000	0.000000
-346	26.862524	0.000492	0.013212
