-1	29.124652	0.000000	0.000000
-2	29.124652	0.004789	0.139483
-3	29.124652	0.004789	0.139496
-4	30.026185	0.004891	0.146868
-5	30.026185	0.008124	0.244049
-6	30.026185	0.008131	0.244255
-7	30.026185	0.008138	0.244462
-8	30.139428	0.007863	0.237081
-9	30.139428	0.006856	0.206719
-10	30.139428	0.006862	0.206904
-11	30.237788	0.006295	0.190417
-12	30.237787	0.006299	0.190562
-13	30.237785	0.006304	0.190706
-14	30.506005	0.007038	0.214789
-15	30.505990	0.006728	0.205318
-16	30.505940	0.006733	0.205480
-17	30.505816	0.006436	0.196392
-18	30.505530	0.006440	0.196531
-19	30.308374	0.006051	0.183474
-20	30.307685	0.006055	0.183575
-21	30.306509	0.006058	0.183680
-22	30.304665	0.005634	0.170857
-23	30.294229	0.005217	0.158240
-24	30.741479	0.005212	0.160461
-25	30.730074	0.004794	0.147610
-26	27.305760	0.005305	0.145213
-27	27.293997	0.005314	0.145446
-28	29.044123	0.005043	0.146954
-29	29.030402	0.005059	0.147421
-30	29.027354	0.005070	0.147751
-31	29.031961	0.004722	0.137640
-32	29.044445	0.004734	0.137979
-33	27.569743	0.004658	0.128805
-34	27.592670	0.004671	0.129163
-35	27.615518	0.004684	0.129525
-36	27.635574	0.004698	0.129905
-37	27.650355	0.004384	0.121205
-38	27.657009	0.004393	0.121474
-39	29.193279	0.004228	0.123376
-40	29.192457	0.004239	0.123693
-41	29.189938	0.004249	0.124004
-42	29.187627	0.003958	0.115490
-43	29.276509	0.004061	0.118877
-44	21.490634	0.005529	0.118767
-45	21.497217	0.005545	0.119124
-46	21.505480	0.005560	0.119445
-47	21.514187	0.005574	0.119732
-48	21.526807	0.005207	0.111838
-49	21.534925	0.005220	0.112111
-50	29.257931	0.003832	0.111802
-51	29.262425	0.003839	0.111993
-52	29.264593	0.003846	0.112171
-53	29.264625	0.003575	0.104284
-54	29.262780	0.003580	0.104421
-55	29.461248	0.003294	0.096732
-56	29.186848	0.003523	0.102514
-57	29.180135	0.003527	0.102617
-58	29.171617	0.003531	0.102713
-59	29.251394	0.003655	0.106659
-60	29.239262	0.002330	0.067973
-61	29.482496	0.002279	0.067071
-62	29.468785	0.002279	0.067071
-63	28.435652	0.002354	0.066872
-64	28.421976	0.002354	0.066874
-65	28.408993	0.002354	0.066879
-66	28.398199	0.002354	0.066888
-67	28.389563	0.002355	0.066901
-68	28.383172	0.002355	0.066920
-69	28.379147	0.002356	0.066943
-70	28.790040	0.002360	0.068028
-71	28.789690	0.002361	0.068054
-72	28.790571	0.002362	0.068094
-73	28.792458	0.002363	0.068138
-74	28.795115	0.002365	0.068187
-75	28.798299	0.002367	0.068239
-76	25.642526	0.002604	0.066834
-77	25.646357	0.002606	0.066889
-78	27.908090	0.001993	0.055643
-79	27.913573	0.001993	0.055631
-80	26.291598	0.002039	0.053585
-81	26.302411	0.002038	0.053567
-82	26.315179	0.002037	0.053543
-83	26.329138	0.001863	0.048968
-84	23.353779	0.002020	0.047066
-85	22.748020	0.002225	0.050457
-86	22.753696	0.002223	0.050400
-87	22.756265	0.002220	0.050326
-88	22.751559	0.001825	0.041368
-89	22.745105	0.001820	0.041260
-90	29.187904	0.001436	0.041776
-91	29.180161	0.001433	0.041685
-92	29.172322	0.001430	0.041589
-93	29.163312	0.001426	0.041470
-94	29.154603	0.001422	0.041350
-95	29.145057	0.001417	0.041222
-96	29.134075	0.001413	0.041091
-97	29.120757	0.001409	0.040959
-98	29.180795	0.001330	0.038770
-99	29.163327	0.001326	0.038657
-100	29.141516	0.001322	0.038534
-101	29.119059	0.001093	0.031871
-102	29.100675	0.001090	0.031792
-103	29.436041	0.000864	0.025499
-104	29.424064	0.000861	0.025431
-105	29.107881	0.000806	0.023542
-106	29.110824	0.000804	0.023487
-107	29.119984	0.000802	0.023436
-108	29.132984	0.000800	0.023388
-109	29.147241	0.000799	0.023342
-110	29.160185	0.000797	0.023298
-111	29.170273	0.000796	0.023255
-112	29.177110	0.000794	0.023213
-113	29.181163	0.000793	0.023173
-114	29.183778	0.000792	0.023133
-115	29.186257	0.000533	0.015586
-116	29.189780	0.000532	0.015560
-117	29.195019	0.000532	0.015533
-118	28.462214	0.000533	0.015171
-119	28.470887	0.000532	0.015145
-120	28.480254	0.000531	0.015120
-121	28.936021	0.000540	0.015630
-122	28.943850	0.000491	0.014199
-123	28.949845	0.000490	0.014175
-124	28.416782	0.000491	0.013928
-125	28.417210	0.000490	0.013904
-126	28.415056	0.000489	0.013880
-127	28.411046	0.000488	0.013856
-128	28.454783	0.000515	0.014637
-129	28.451195	0.000514	0.014618
-130	28.448366	0.000513	0.014600
-131	28.446372	0.000462	0.013133
-132	28.491224	0.000430	0.012239
-133	28.491693	0.000429	0.012223
-134	29.307262	0.000436	0.012782
-135	29.306355	0.000436	0.012766
-136	28.465884	0.000457	0.013003
-137	28.460968	0.000456	0.012988
-138	28.454276	0.000456	0.012976
-139	29.060425	0.000447	0.013008
-140	29.052158	0.000447	0.012999
-141	29.044217	0.000447	0.012993
-142	28.201677	0.000465	0.013140
-143	28.195997	0.000465	0.013138
-144	28.570691	0.000448	0.012838
-145	28.699951	0.000000	0.000000
-146	28.699951	0.000868	0.024908
-147	28.699951	0.000868	0.024910
-148	28.789432	0.000610	0.017552
-149	28.789432	0.001013	0.029167
-150	28.789432	0.001014	0.029192
-151	28.789432	0.001014	0.029217
-152	28.789374	0.001279	0.036830
-153	28.789374	0.001115	0.032113
-154	28.789374	0.001116	0.032142
-155	28.789397	0.001698	0.048907
-156	28.789396	0.001699	0.048943
-157	28.789394	0.001701	0.048979
-158	28.699934	0.000876	0.025153
-159	28.699921	0.000837	0.024043
-160	28.699868	0.000838	0.024062
-161	28.699741	0.000801	0.022998
-162	28.699452	0.000802	0.023014
-163	29.146036	0.001242	0.036204
-164	29.145310	0.001242	0.036225
-165	29.144206	0.001243	0.036244
-166	29.142330	0.001156	0.033715
-167	29.131880	0.001071	0.031227
-168	27.336401	0.001069	0.029258
-169	27.326007	0.000983	0.026916
-170	28.567192	0.001033	0.029575
-171	28.554957	0.001034	0.029622
-172	28.720795	0.000985	0.028398
-173	28.707211	0.000989	0.028490
-174	28.704229	0.000991	0.028553
-175	28.708876	0.000923	0.026599
-176	28.721280	0.000925	0.026664
-177	28.472695	0.001270	0.036280
-178	28.496367	0.001274	0.036381
-179	28.520077	0.001278	0.036483
-180	28.541142	0.001281	0.036591
-181	28.556400	0.001195	0.034138
-182	28.563481	0.001198	0.034215
-183	28.924644	0.001131	0.032707
-184	28.923813	0.001134	0.032791
-185	28.921319	0.001137	0.032874
-186	28.919046	0.001059	0.030617
-187	29.052682	0.000949	0.027571
-188	28.786294	0.000978	0.028136
-189	28.794118	0.000981	0.028222
-190	28.804964	0.000983	0.028300
-191	28.816933	0.000986	0.028371
-192	28.833102	0.000921	0.026494
-193	28.845549	0.000923	0.026565
-194	28.943827	0.000940	0.027125
-195	28.948248	0.000942	0.027171
-196	28.950369	0.000943	0.027214
-197	28.950379	0.000877	0.025301
-198	28.948537	0.000878	0.025334
-199	28.810406	0.001155	0.033179
-200	29.613166	0.000933	0.027541
-201	29.606380	0.000934	0.027568
-202	29.597761	0.000935	0.027594
-203	29.004740	0.000821	0.023758
-204	28.992613	0.000523	0.015141
-205	28.978322	0.000555	0.016044
-206	28.964881	0.000555	0.016044
-207	28.905681	0.000562	0.016242
-208	28.891758	0.000562	0.016242
-209	28.878536	0.000562	0.016244
-210	28.867522	0.000563	0.016246
-211	28.858707	0.000563	0.016249
-212	28.852175	0.000563	0.016253
-213	28.848050	0.000563	0.016259
-214	28.935140	0.000525	0.015220
-215	28.934782	0.000525	0.015226
-216	28.935665	0.000526	0.015235
-217	28.937558	0.000526	0.015245
-218	28.940225	0.000526	0.015256
-219	28.943424	0.000527	0.015268
-220	28.858423	0.000580	0.016758
-221	28.862660	0.000581	0.016772
-222	28.734638	0.000356	0.010237
-223	28.740218	0.000356	0.010235
-224	24.593360	0.000499	0.012258
-225	24.603397	0.000498	0.012254
-226	24.615406	0.000498	0.012248
-227	24.628442	0.000456	0.011202
-228	28.850669	0.000454	0.013056
-229	28.774838	0.000334	0.009596
-230	28.783098	0.000334	0.009584
-231	28.787296	0.000334	0.009571
-232	28.783851	0.000274	0.007871
-233	28.775375	0.000274	0.007849
-234	28.762205	0.000250	0.007178
-235	28.754577	0.000250	0.007162
-236	28.746686	0.000249	0.007145
-237	28.737921	0.000249	0.007125
-238	28.729335	0.000248	0.007104
-239	28.719899	0.000247	0.007082
-240	28.709042	0.000246	0.007060
-241	28.695875	0.000246	0.007037
-242	28.990477	0.000313	0.009057
-243	28.973792	0.000312	0.009031
-244	28.951774	0.000311	0.009002
-245	28.929465	0.000257	0.007445
-246	28.911463	0.000256	0.007427
-247	26.062518	0.000215	0.005621
-248	26.052853	0.000214	0.005607
-249	28.785319	0.000257	0.007417
-250	28.788297	0.000256	0.007400
-251	28.797403	0.000256	0.007384
-252	28.810269	0.000255	0.007369
-253	28.824355	0.000254	0.007354
-254	28.837124	0.000254	0.007340
-255	28.847063	0.000254	0.007327
-256	28.853795	0.000253	0.007314
-257	28.857786	0.000253	0.007301
-258	28.860371	0.000252	0.007288
-259	28.862832	0.000170	0.004911
-260	28.866335	0.000170	0.004902
-261	28.871540	0.000169	0.004894
-262	28.878646	0.000181	0.005221
-263	28.887431	0.000180	0.005212
-264	28.896935	0.000180	0.005204
-265	28.861636	0.000161	0.004660
-266	28.869438	0.000147	0.004233
-267	28.875413	0.000146	0.004226
-268	28.833986	0.000154	0.004441
-269	28.834458	0.000154	0.004433
-270	28.832300	0.000154	0.004426
-271	28.828243	0.000153	0.004418
-272	28.734074	0.000126	0.003606
-273	28.730427	0.000125	0.003602
-274	28.727565	0.000125	0.003597
-275	28.725538	0.000113	0.003236
-276	27.474899	0.000149	0.004096
-277	27.475344	0.000149	0.004091
-278	29.217881	0.000120	0.003513
-279	29.216974	0.000120	0.003508
-280	28.678098	0.000113	0.003251
-281	28.673159	0.000113	0.003247
-282	28.666425	0.000113	0.003244
-283	28.837140	0.000111	0.003199
-284	28.828938	0.000111	0.003197
-285	28.821070	0.000111	0.003195
-286	28.904308	0.000105	0.003042
-287	28.898458	0.000105	0.003041
-288	28.804812	0.000116	0.003343
-289	26.822400	0.006128	0.164375
-290	26.822400	0.006128	0.164384
-291	26.822400	0.002073	0.055499
-292	26.822400	0.000000	0.000000
-293	26.822400	0.001316	0.035310
-294	26.822400	0.000000	0.000000
-295	26.822400	0.000000	0.000000
-296	26.822223	0.000401	0.010768
-297	26.822167	0.000385	0.010338
-298	26.822400	0.000000	0.000000
-299	26.815782	0.000577	0.015454
-300	26.810456	0.000578	0.015474
-301	26.822400	0.000000	0.000000
-302	26.822400	0.000000	0.000000
-303	26.822400	0.000000	0.000000
-304	26.755443	0.000465	0.012498
-305	26.822400	0.000000	0.000000
-306	26.857103	0.000435	0.011695
-307	26.822400	0.000000	0.000000
-308	26.859752	0.000416	0.011167
-309	26.822400	0.000000	0.000000
-310	26.822400	0.000000	0.000000
-311	26.901282	0.000382	0.010254
-312	26.822400	0.000000	0.000000
-313	26.930401	0.000373	0.010006
-314	26.822400	0.000000	0.000000
-315	26.822400	0.000000	0.000000
-316	26.875615	0.001769	0.047501
-317	26.822400	0.000000	0.000000
-318	26.822400	0.000000	0.000000
-319	26.822400	0.000000	0.000000
-320	26.822400	0.000000	0.000000
-321	26.812939	0.000664	0.017856
-322	26.822400	0.000000	0.000000
-323	26.822400	0.000000	0.000000
-324	26.866349	0.000208	0.005582
-325	26.822400	0.000000	0.000000
-326	26.822400	0.000000	0.000000
-327	26.901799	0.000391	0.010474
-328	26.822400	0.000000	0.000000
-329	26.822400	0.000000	0.000000
-330	26.717384	0.000298	0.007980
-331	26.729263	0.000300	0.008046
-332	26.822400	0.000000	0.000000
-333	26.822400	0.000000	0.000000
-334	26.767796	0.000368	0.009864
-335	26.822400	0.000000	0.000000
-336	26.816277	0.000068	0.001825
-337	26.822400	0.000000	0.000000
-338	26.804562	0.000067	0.001788
-339	26.822400	0.000000	0.000000
-340	29.124652	0.000000	0.000000
-341	28.570401	0.000448	0.012844
-342	28.699951	0.000000	0.000000
-343	28.804538	0.000116	0.003344
-344	26.822400	0.000000	0.000000
-345	26.822400	0.000000	0.000000
-346	26.781790	0.000576	0.015427
