-1	29.124652	0.000000	0.000000
-2	29.124652	0.006338	0.184408
-3	29.124652	0.006325	0.184015
-4	30.026185	0.006445	0.193322
-5	30.026185	0.011261	0.337720
-6	30.026185	0.011233	0.336885
-7	30.026185	0.011206	0.336048
-8	30.139428	0.010790	0.324813
-9	30.139428	0.010320	0.310678
-10	30.139428	0.010296	0.309940
-11	30.237788	0.009404	0.284034
-12	30.237787	0.009385	0.283452
-13	30.237786	0.009366	0.282878
-14	30.506008	0.010415	0.317344
-15	30.505996	0.010175	0.310028
-16	30.505956	0.010150	0.309272
-17	30.505855	0.009914	0.302056
-18	30.505621	0.009889	0.301293
-19	30.308545	0.009266	0.280492
-20	30.307972	0.009248	0.279940
-21	30.306981	0.009229	0.279371
-22	30.305408	0.009210	0.278808
-23	30.295552	0.009169	0.277569
-24	30.742919	0.009125	0.280396
-25	30.730955	0.009102	0.279696
-26	27.305245	0.010036	0.274140
-27	27.290788	0.010015	0.273565
-28	29.035927	0.009471	0.275419
-29	29.005036	0.009440	0.274557
-30	28.986667	0.009421	0.274040
-31	28.973089	0.009405	0.273588
-32	28.966321	0.009390	0.273205
-33	27.477953	0.009204	0.254042
-34	27.487733	0.009194	0.253798
-35	27.503945	0.009187	0.253611
-36	27.524794	0.009181	0.253468
-37	27.548181	0.009176	0.253356
-38	27.564243	0.009173	0.253293
-39	29.108593	0.008803	0.256560
-40	29.121113	0.008801	0.256515
-41	29.129591	0.008800	0.256479
-42	29.134828	0.008799	0.256449
-43	29.227103	0.009007	0.263325
-44	21.452250	0.012219	0.262190
-45	21.452482	0.012218	0.262160
-46	21.452267	0.012217	0.262136
-47	21.451752	0.012216	0.262118
-48	21.450079	0.012215	0.262101
-49	21.448217	0.012215	0.262096
-50	29.131566	0.008952	0.260936
-51	29.128760	0.008953	0.260948
-52	29.125722	0.008953	0.260971
-53	29.122700	0.008954	0.261007
-54	29.119923	0.008956	0.261057
-55	29.318658	0.008231	0.241607
-56	29.049198	0.008797	0.255850
-57	29.048637	0.008800	0.255953
-58	29.049101	0.008804	0.256079
-59	29.139801	0.009111	0.265838
-60	29.142190	0.008113	0.236728
-61	29.402335	0.007942	0.233783
-62	29.405717	0.007948	0.233975
-63	28.393144	0.008216	0.233509
-64	28.396653	0.008224	0.233743
-65	28.399964	0.008233	0.234002
-66	28.402691	0.008242	0.234264
-67	28.404867	0.008251	0.234537
-68	28.406529	0.008261	0.234822
-69	28.407707	0.008271	0.235103
-70	28.822255	0.008292	0.239147
-71	28.822823	0.008300	0.239375
-72	28.823548	0.008311	0.239678
-73	28.824379	0.008321	0.239984
-74	28.825425	0.008332	0.240294
-75	28.826723	0.008343	0.240604
-76	25.665417	0.009183	0.235791
-77	25.667169	0.009195	0.236090
-78	27.927787	0.006261	0.174911
-79	27.930188	0.006269	0.175158
-80	26.301537	0.006428	0.169108
-81	26.305465	0.006440	0.169415
-82	26.309726	0.006452	0.169723
-83	26.314041	0.006110	0.160744
-84	23.330687	0.006644	0.154946
-85	22.717798	0.007339	0.166625
-86	22.718903	0.007350	0.166874
-87	22.718864	0.007361	0.167129
-88	22.715619	0.007276	0.165225
-89	22.712266	0.007292	0.165590
-90	29.151530	0.005782	0.168550
-91	29.147999	0.005791	0.168796
-92	29.144587	0.005799	0.169040
-93	29.141065	0.005809	0.169325
-94	29.138322	0.005819	0.169597
-95	29.136358	0.005828	0.169872
-96	29.135327	0.005837	0.170139
-97	29.135237	0.005846	0.170396
-98	29.214476	0.005548	0.162115
-99	29.215960	0.005555	0.162313
-100	29.218297	0.005562	0.162517
-101	29.221072	0.005491	0.160472
-102	29.223591	0.005498	0.160663
-103	29.585026	0.005423	0.160439
-104	29.587786	0.005432	0.160673
-105	29.277066	0.005102	0.149321
-106	29.279314	0.005108	0.149489
-107	29.281572	0.005114	0.149629
-108	29.284161	0.005118	0.149740
-109	29.287414	0.005121	0.149825
-110	29.291448	0.005124	0.149880
-111	29.296141	0.005125	0.149907
-112	29.301105	0.005125	0.149904
-113	29.305563	0.005125	0.149871
-114	29.308978	0.005123	0.149805
-115	29.310564	0.003370	0.098466
-116	29.309925	0.003363	0.098238
-117	29.307146	0.003354	0.097990
-118	28.559854	0.003358	0.095600
-119	28.554747	0.003348	0.095314
-120	28.550116	0.003338	0.095014
-121	28.994772	0.003392	0.098065
-122	28.994157	0.003087	0.089233
-123	28.996695	0.003076	0.088915
-124	28.465451	0.003074	0.087187
-125	28.474510	0.003062	0.086846
-126	28.485513	0.003050	0.086496
-127	28.496932	0.003037	0.086131
-128	28.555213	0.003194	0.090743
-129	28.560929	0.003183	0.090421
-130	28.563866	0.003172	0.090105
-131	28.558336	0.002847	0.080838
-132	28.590181	0.002636	0.074945
-133	28.578547	0.002623	0.074580
-134	29.383045	0.002658	0.077726
-135	29.364513	0.002643	0.077291
-136	28.504720	0.002758	0.078368
-137	28.482650	0.002743	0.077916
-138	28.459499	0.002727	0.077472
-139	29.050111	0.002663	0.077301
-140	29.027414	0.002649	0.076884
-141	29.007329	0.002635	0.076480
-142	28.158121	0.002732	0.077032
-143	28.147935	0.002718	0.076643
-144	28.524412	0.002603	0.074388
-145	28.699951	0.000000	0.000000
-146	28.699951	0.001149	0.032929
-147	28.699951	0.001146	0.032859
-148	28.789432	0.000803	0.023102
-149	28.789432	0.001403	0.040357
-150	28.789432	0.001400	0.040257
-151	28.789432	0.001397	0.040157
-152	28.789374	0.001755	0.050451
-153	28.789374	0.001678	0.048255
-154	28.789374	0.001674	0.048141
-155	28.789397	0.002536	0.072935
-156	28.789396	0.002531	0.072790
-157	28.789395	0.002526	0.072643
-158	28.699937	0.001296	0.037153
-159	28.699927	0.001266	0.036299
-160	28.699884	0.001263	0.036209
-161	28.699781	0.001234	0.035364
-162	28.699545	0.001231	0.035275
-163	29.146203	0.001901	0.055344
-164	29.145598	0.001897	0.055230
-165	29.144668	0.001894	0.055122
-166	29.143065	0.001890	0.055008
-167	29.133103	0.001881	0.054762
-168	27.337608	0.001870	0.051102
-169	27.326559	0.001865	0.050975
-170	28.566759	0.001954	0.055841
-171	28.551815	0.001950	0.055724
-172	28.712715	0.001851	0.053223
-173	28.681721	0.001845	0.053054
-174	28.663788	0.001841	0.052955
-175	28.650438	0.001838	0.052868
-176	28.643836	0.001835	0.052794
-177	28.378342	0.002511	0.071563
-178	28.388222	0.002508	0.071494
-179	28.404840	0.002506	0.071441
-180	28.426576	0.002504	0.071400
-181	28.450332	0.002503	0.071369
-182	28.467274	0.002502	0.071350
-183	28.840857	0.002355	0.068013
-184	28.853228	0.002355	0.068001
-185	28.861599	0.002355	0.067992
-186	28.866764	0.002354	0.067983
-187	29.003649	0.002105	0.061072
-188	28.736936	0.002163	0.062167
-189	28.737436	0.002163	0.062160
-190	28.737264	0.002162	0.062154
-191	28.736665	0.002162	0.062149
-192	28.735012	0.002162	0.062144
-193	28.732489	0.002162	0.062142
-194	28.818740	0.002196	0.063306
-195	28.815961	0.002196	0.063309
-196	28.812955	0.002196	0.063315
-197	28.809969	0.002196	0.063324
-198	28.807228	0.002196	0.063336
-199	28.671047	0.002887	0.082871
-200	29.473413	0.002329	0.068735
-201	29.472829	0.002330	0.068763
-202	29.473285	0.002331	0.068797
-203	28.894156	0.002047	0.059215
-204	28.896549	0.001823	0.052731
-205	28.899863	0.001933	0.055922
-206	28.903181	0.001934	0.055968
-207	28.862184	0.001963	0.056714
-208	28.865756	0.001965	0.056771
-209	28.869129	0.001967	0.056834
-210	28.871911	0.001969	0.056897
-211	28.874132	0.001971	0.056963
-212	28.875828	0.001974	0.057033
-213	28.877031	0.001976	0.057101
-214	28.967518	0.001846	0.053506
-215	28.968082	0.001848	0.053557
-216	28.968813	0.001850	0.053625
-217	28.969648	0.001852	0.053693
-218	28.970697	0.001855	0.053763
-219	28.972001	0.001857	0.053832
-220	28.884498	0.002046	0.059118
-221	28.886434	0.002048	0.059193
-222	28.755032	0.001119	0.032177
-223	28.757480	0.001120	0.032222
-224	24.602076	0.001572	0.038692
-225	24.605703	0.001575	0.038761
-226	24.609689	0.001578	0.038832
-227	24.613698	0.001495	0.036777
-228	28.824169	0.001491	0.042956
-229	28.738190	0.001102	0.031665
-230	28.739899	0.001104	0.031715
-231	28.740207	0.001106	0.031763
-232	28.737113	0.001093	0.031391
-233	28.732649	0.001095	0.031466
-234	28.726405	0.001008	0.028961
-235	28.722928	0.001010	0.029003
-236	28.719501	0.001011	0.029046
-237	28.716088	0.001013	0.029094
-238	28.713397	0.001015	0.029141
-239	28.711475	0.001016	0.029188
-240	28.710473	0.001018	0.029234
-241	28.710397	0.001019	0.029278
-242	29.024438	0.001305	0.037873
-243	29.025849	0.001306	0.037918
-244	29.028210	0.001308	0.037967
-245	29.030968	0.001291	0.037489
-246	29.033432	0.001293	0.037533
-247	26.196226	0.001351	0.035389
-248	26.198546	0.001353	0.035438
-249	28.952622	0.001626	0.047047
-250	28.954845	0.001628	0.047100
-251	28.957083	0.001629	0.047144
-252	28.959649	0.001631	0.047179
-253	28.962876	0.001632	0.047205
-254	28.966873	0.001632	0.047223
-255	28.971517	0.001633	0.047231
-256	28.976421	0.001633	0.047230
-257	28.980817	0.001633	0.047219
-258	28.984173	0.001632	0.047199
-259	28.985717	0.001074	0.031023
-260	28.985061	0.001071	0.030951
-261	28.982293	0.001069	0.030873
-262	28.977912	0.001139	0.032903
-263	28.972725	0.001136	0.032805
-264	28.968004	0.001132	0.032701
-265	28.920213	0.001014	0.029234
-266	28.919607	0.000923	0.026601
-267	28.922149	0.000919	0.026506
-268	28.883242	0.000966	0.027800
-269	28.892409	0.000962	0.027692
-270	28.903563	0.000958	0.027580
-271	28.915171	0.000954	0.027464
-272	28.835390	0.000779	0.022358
-273	28.841205	0.000777	0.022278
-274	28.844188	0.000774	0.022200
-275	28.838815	0.000695	0.019919
-276	27.569432	0.000914	0.025074
-277	27.558895	0.000910	0.024959
-278	29.293275	0.000732	0.021358
-279	29.274900	0.000728	0.021239
-280	28.717347	0.000685	0.019593
-281	28.695126	0.000681	0.019480
-282	28.671800	0.000677	0.019369
-283	28.826796	0.000660	0.019008
-284	28.804290	0.000656	0.018905
-285	28.784404	0.000653	0.018806
-286	28.859781	0.000617	0.017833
-287	28.849189	0.000614	0.017743
-288	28.758020	0.000672	0.019373
-289	26.822400	0.008128	0.217799
-290	26.822400	0.008118	0.217526
-291	26.822400	0.002050	0.054998
-292	26.822400	0.000000	0.000000
-293	26.822400	0.000575	0.015394
-294	26.822400	0.000000	0.000000
-295	26.822400	0.000000	0.000000
-296	26.822252	0.000281	0.007538
-297	26.822211	0.000269	0.007213
-298	26.822400	0.000000	0.000000
-299	26.822400	0.000000	0.000000
-300	26.822400	0.000000	0.000000
-301	26.822400	0.000000	0.000000
-302	26.822400	0.000000	0.000000
-303	26.822400	0.000000	0.000000
-304	26.822400	0.000000	0.000000
-305	26.822400	0.000000	0.000000
-306	26.822400	0.000000	0.000000
-307	26.822400	0.000000	0.000000
-308	26.822400	0.000000	0.000000
-309	26.822400	0.000000	0.000000
-310	26.822400	0.000000	0.000000
-311	26.822400	0.000000	0.000000
-312	26.822400	0.000000	0.000000
-313	26.822400	0.000000	0.000000
-314	26.822400	0.000000	0.000000
-315	26.822400	0.000000	0.000000
-316	26.800046	0.001335	0.035814
-317	26.822400	0.000000	0.000000
-318	26.822400	0.000000	0.000000
-319	26.822400	0.000000	0.000000
-320	26.822400	0.000000	0.000000
-321	26.832021	0.003302	0.088606
-322	26.822400	0.000000	0.000000
-323	26.822400	0.000000	0.000000
-324	26.851029	0.000425	0.011411
-325	26.822400	0.000000	0.000000
-326	26.822400	0.000000	0.000000
-327	26.857657	0.000106	0.002811
-328	26.822400	0.000000	0.000000
-329	26.822400	0.000000	0.000000
-330	26.843077	0.000102	0.002709
-331	26.842068	0.000101	0.002665
-332	26.822400	0.000000	0.000000
-333	26.822400	0.000000	0.000000
-334	26.879606	0.002512	0.067436
-335	26.822400	0.000000	0.000000
-336	26.862886	0.000412	0.011021
-337	26.822400	0.000000	0.000000
-338	26.912683	0.000401	0.010762
-339	26.822400	0.000000	0.000000
-340	29.124652	0.000000	0.000000
-341	28.531633	0.002586	0.073916
-342	28.699951	0.000000	0.000000
-343	28.765496	0.000668	0.019247
-344	26.822400	0.000000	0.000000
-345	26.822400	0.000000	0.000000
-346	26.822400	0.000000	0.000000
