-1	29.124652	0.000000	0.000000
-2	29.124652	0.001073	0.031183
-3	29.124652	0.001068	0.031033
-4	30.026185	0.001085	0.032517
-5	30.026185	0.001932	0.057866
-6	30.026185	0.001922	0.057581
-7	30.026185	0.001913	0.057294
-8	30.139428	0.001837	0.055239
-9	30.139428	0.001699	0.051085
-10	30.139428	0.001691	0.050834
-11	30.237788	0.001539	0.046432
-12	30.237787	0.001533	0.046235
-13	30.237786	0.001526	0.046040
-14	30.506008	0.001692	0.051489
-15	30.505996	0.001644	0.050032
-16	30.505955	0.001636	0.049784
-17	30.505854	0.001588	0.048336
-18	30.505622	0.001580	0.048095
-19	30.308549	0.001478	0.044678
-20	30.307984	0.001472	0.044504
-21	30.307013	0.001466	0.044324
-22	30.305484	0.001368	0.041366
-23	30.296408	0.001265	0.038252
-24	30.744631	0.001256	0.038546
-25	30.734180	0.001160	0.035595
-26	27.309944	0.001276	0.034812
-27	27.298196	0.001271	0.034666
-28	29.047680	0.001199	0.034832
-29	29.027103	0.001191	0.034612
-30	29.016743	0.001186	0.034479
-31	29.011426	0.001096	0.031860
-32	29.012022	0.001093	0.031760
-33	27.526333	0.001069	0.029484
-34	27.537672	0.001066	0.029412
-35	27.551579	0.001064	0.029351
-36	27.566341	0.001062	0.029296
-37	27.580324	0.000978	0.026980
-38	27.588795	0.000976	0.026944
-39	29.125752	0.000936	0.027259
-40	29.130633	0.000935	0.027221
-41	29.133525	0.000933	0.027186
-42	29.135341	0.000858	0.025000
-43	29.226231	0.000877	0.025637
-44	21.452370	0.001188	0.025480
-45	21.454175	0.001186	0.025435
-46	21.455057	0.001184	0.025395
-47	21.454314	0.001183	0.025358
-48	21.446228	0.001088	0.023332
-49	21.434878	0.001086	0.023284
-50	29.100432	0.000795	0.023147
-51	29.079555	0.000794	0.023111
-52	29.054938	0.000792	0.023078
-53	29.028100	0.000726	0.021134
-54	29.000449	0.000725	0.021105
-55	29.174027	0.000665	0.019504
-56	28.883828	0.000710	0.020627
-57	28.865195	0.000709	0.020613
-58	28.852513	0.000709	0.020604
-59	28.935383	0.000733	0.021374
-60	28.936602	0.000417	0.012156
-61	29.200659	0.000407	0.011975
-62	29.214258	0.000407	0.011960
-63	28.223808	0.000419	0.011912
-64	28.245570	0.000419	0.011902
-65	28.269900	0.000419	0.011895
-66	28.293395	0.000419	0.011890
-67	28.315437	0.000418	0.011887
-68	28.335260	0.000418	0.011885
-69	28.351513	0.000418	0.011885
-70	28.780175	0.000419	0.012073
-71	28.788390	0.000419	0.012074
-72	28.796788	0.000419	0.012077
-73	28.803597	0.000419	0.012080
-74	28.809718	0.000419	0.012084
-75	28.815856	0.000419	0.012088
-76	25.662039	0.000461	0.011831
-77	25.669463	0.000461	0.011833
-78	27.938148	0.000397	0.011079
-79	27.948053	0.000397	0.011073
-80	26.328968	0.000406	0.010659
-81	26.342352	0.000405	0.010647
-82	26.355023	0.000405	0.010631
-83	26.366109	0.000372	0.009758
-84	23.381515	0.000402	0.009342
-85	22.769897	0.000441	0.009975
-86	22.772154	0.000439	0.009932
-87	22.772589	0.000437	0.009883
-88	22.768433	0.000368	0.008332
-89	22.763589	0.000366	0.008276
-90	29.213818	0.000287	0.008342
-91	29.207099	0.000286	0.008299
-92	29.199502	0.000284	0.008254
-93	29.189487	0.000282	0.008198
-94	29.178806	0.000281	0.008142
-95	29.166791	0.000279	0.008083
-96	29.153718	0.000276	0.008023
-97	29.139464	0.000274	0.007962
-98	29.200573	0.000258	0.007499
-99	29.185459	0.000256	0.007446
-100	29.167786	0.000254	0.007387
-101	29.150099	0.000207	0.006024
-102	29.135530	0.000206	0.005988
-103	29.474002	0.000160	0.004729
-104	29.461035	0.000160	0.004703
-105	29.139167	0.000149	0.004340
-106	29.132720	0.000148	0.004318
-107	29.129222	0.000147	0.004296
-108	29.127880	0.000147	0.004276
-109	29.127822	0.000146	0.004258
-110	29.128349	0.000145	0.004240
-111	29.129101	0.000145	0.004224
-112	29.130127	0.000144	0.004209
-113	29.131708	0.000144	0.004196
-114	29.134457	0.000143	0.004183
-115	29.138870	0.000109	0.003179
-116	29.145299	0.000109	0.003182
-117	29.153811	0.000109	0.003185
-118	28.425494	0.000109	0.003119
-119	28.437892	0.000109	0.003123
-120	28.451770	0.000110	0.003126
-121	28.913117	0.000112	0.003240
-122	28.929115	0.000106	0.003079
-123	28.946630	0.000106	0.003082
-124	28.428742	0.000107	0.003037
-125	28.447260	0.000107	0.003040
-126	28.464356	0.000107	0.003042
-127	28.478033	0.000107	0.003043
-128	28.534183	0.000113	0.003221
-129	28.535282	0.000113	0.003220
-130	28.530959	0.000113	0.003219
-131	28.503053	0.000109	0.003111
-132	28.512044	0.000102	0.002898
-133	28.485717	0.000102	0.002893
-134	29.275414	0.000103	0.003024
-135	29.248577	0.000103	0.003017
-136	28.393992	0.000108	0.003069
-137	28.386683	0.000108	0.003062
-138	28.391665	0.000107	0.003054
-139	29.020016	0.000105	0.003057
-140	29.043359	0.000105	0.003049
-141	29.069440	0.000105	0.003041
-142	28.252742	0.000109	0.003070
-143	28.270519	0.000108	0.003062
-144	28.658897	0.000104	0.002980
-145	28.699951	0.000000	0.000000
-146	28.699951	0.000194	0.005568
-147	28.699951	0.000194	0.005541
-148	28.789432	0.000135	0.003885
-149	28.789432	0.000241	0.006914
-150	28.789432	0.000240	0.006880
-151	28.789432	0.000238	0.006846
-152	28.789374	0.000299	0.008579
-153	28.789374	0.000276	0.007934
-154	28.789374	0.000275	0.007895
-155	28.789397	0.000415	0.011921
-156	28.789396	0.000413	0.011872
-157	28.789395	0.000412	0.011822
-158	28.699937	0.000211	0.006027
-159	28.699927	0.000205	0.005857
-160	28.699884	0.000204	0.005828
-161	28.699781	0.000198	0.005658
-162	28.699545	0.000197	0.005630
-163	29.146207	0.000303	0.008815
-164	29.145611	0.000302	0.008779
-165	29.144700	0.000301	0.008745
-166	29.143143	0.000281	0.008161
-167	29.134012	0.000260	0.007546
-168	27.339301	0.000257	0.007023
-169	27.329710	0.000238	0.006485
-170	28.571567	0.000248	0.007092
-171	28.559391	0.000247	0.007062
-172	28.724320	0.000234	0.006731
-173	28.703737	0.000233	0.006688
-174	28.693623	0.000232	0.006663
-175	28.688433	0.000214	0.006156
-176	28.689082	0.000213	0.006137
-177	28.428252	0.000292	0.008306
-178	28.439871	0.000291	0.008286
-179	28.454223	0.000290	0.008268
-180	28.469664	0.000290	0.008253
-181	28.483946	0.000267	0.007601
-182	28.492901	0.000266	0.007590
-183	28.857790	0.000250	0.007226
-184	28.862609	0.000250	0.007216
-185	28.865464	0.000250	0.007207
-186	28.867260	0.000230	0.006627
-187	29.002787	0.000205	0.005946
-188	28.736503	0.000210	0.006044
-189	28.739191	0.000210	0.006033
-190	28.740967	0.000210	0.006024
-191	28.740727	0.000209	0.006015
-192	28.734200	0.000193	0.005536
-193	28.719455	0.000192	0.005524
-194	28.787746	0.000195	0.005616
-195	28.767046	0.000195	0.005607
-196	28.742667	0.000194	0.005599
-197	28.716112	0.000178	0.005127
-198	28.688778	0.000178	0.005120
-199	28.529130	0.000233	0.006690
-200	29.305895	0.000188	0.005542
-201	29.286901	0.000188	0.005538
-202	29.273930	0.000188	0.005535
-203	28.691454	0.000165	0.004761
-204	28.692751	0.000094	0.002708
-205	28.701837	0.000099	0.002864
-206	28.715230	0.000099	0.002861
-207	28.689750	0.000100	0.002893
-208	28.711849	0.000100	0.002891
-209	28.736565	0.000100	0.002889
-210	28.760487	0.000100	0.002888
-211	28.782928	0.000100	0.002887
-212	28.803123	0.000100	0.002887
-213	28.819698	0.000100	0.002887
-214	28.925226	0.000093	0.002701
-215	28.933390	0.000093	0.002701
-216	28.941891	0.000093	0.002702
-217	28.948736	0.000093	0.002703
-218	28.954886	0.000093	0.002704
-219	28.961054	0.000093	0.002704
-220	28.879846	0.000103	0.002967
-221	28.888053	0.000103	0.002967
-222	28.765433	0.000071	0.002038
-223	28.775550	0.000071	0.002037
-224	24.628485	0.000099	0.002438
-225	24.640744	0.000099	0.002435
-226	24.652487	0.000099	0.002432
-227	24.662708	0.000091	0.002232
-228	28.886250	0.000090	0.002593
-229	28.803698	0.000066	0.001899
-230	28.807106	0.000066	0.001890
-231	28.808161	0.000066	0.001881
-232	28.804593	0.000055	0.001587
-233	28.798251	0.000055	0.001576
-234	28.787746	0.000050	0.001433
-235	28.781125	0.000050	0.001426
-236	28.773446	0.000050	0.001418
-237	28.763685	0.000049	0.001408
-238	28.753151	0.000049	0.001399
-239	28.741285	0.000049	0.001389
-240	28.728385	0.000048	0.001378
-241	28.714321	0.000048	0.001368
-242	29.010193	0.000061	0.001752
-243	28.995741	0.000060	0.001740
-244	28.977902	0.000060	0.001726
-245	28.960330	0.000049	0.001407
-246	28.946070	0.000048	0.001399
-247	26.095786	0.000040	0.001042
-248	26.084996	0.000040	0.001036
-249	28.816156	0.000047	0.001367
-250	28.809813	0.000047	0.001360
-251	28.806377	0.000047	0.001354
-252	28.805063	0.000047	0.001347
-253	28.805013	0.000046	0.001341
-254	28.805536	0.000046	0.001336
-255	28.806284	0.000046	0.001331
-256	28.807304	0.000046	0.001326
-257	28.808880	0.000046	0.001322
-258	28.811617	0.000046	0.001318
-259	28.816000	0.000035	0.001002
-260	28.822381	0.000035	0.001003
-261	28.830827	0.000035	0.001004
-262	28.841335	0.000037	0.001074
-263	28.853889	0.000037	0.001075
-264	28.867942	0.000037	0.001076
-265	28.838813	0.000033	0.000966
-266	28.854769	0.000032	0.000918
-267	28.872247	0.000032	0.000919
-268	28.845854	0.000034	0.000968
-269	28.864670	0.000034	0.000969
-270	28.882060	0.000034	0.000970
-271	28.896027	0.000034	0.000970
-272	28.814218	0.000028	0.000794
-273	28.815349	0.000028	0.000793
-274	28.811014	0.000028	0.000793
-275	28.783330	0.000027	0.000767
-276	27.493237	0.000035	0.000970
-277	27.469200	0.000035	0.000968
-278	29.185885	0.000028	0.000831
-279	29.159322	0.000028	0.000829
-280	28.605688	0.000027	0.000767
-281	28.598234	0.000027	0.000765
-282	28.603175	0.000027	0.000764
-283	28.797284	0.000026	0.000752
-284	28.820472	0.000026	0.000750
-285	28.846321	0.000026	0.000748
-286	28.956108	0.000025	0.000711
-287	28.974512	0.000025	0.000709
-288	28.893815	0.000027	0.000776
-289	26.822400	0.001380	0.036928
-290	26.822400	0.001376	0.036823
-291	26.822400	0.000302	0.008088
-292	26.822400	0.000000	0.000000
-293	26.822400	0.000168	0.004480
-294	26.822400	0.000000	0.000000
-295	26.822400	0.000000	0.000000
-296	26.822254	0.000053	0.001404
-297	26.822211	0.000050	0.001338
-298	26.822400	0.000000	0.000000
-299	26.816881	0.000124	0.003319
-300	26.812270	0.000123	0.003292
-301	26.822400	0.000000	0.000000
-302	26.822400	0.000000	0.000000
-303	26.822400	0.000000	0.000000
-304	26.730219	0.000111	0.002983
-305	26.822400	0.000000	0.000000
-306	26.789783	0.000108	0.002901
-307	26.822400	0.000000	0.000000
-308	26.811919	0.000101	0.002723
-309	26.822400	0.000000	0.000000
-310	26.822400	0.000000	0.000000
-311	26.815525	0.000091	0.002434
-312	26.822400	0.000000	0.000000
-313	26.709777	0.000089	0.002378
-314	26.822400	0.000000	0.000000
-315	26.822400	0.000000	0.000000
-316	26.617975	0.000421	0.011307
-317	26.822400	0.000000	0.000000
-318	26.822400	0.000000	0.000000
-319	26.822400	0.000000	0.000000
-320	26.822400	0.000000	0.000000
-321	26.841602	0.000063	0.001685
-322	26.822400	0.000000	0.000000
-323	26.822400	0.000000	0.000000
-324	26.904117	0.000039	0.001049
-325	26.822400	0.000000	0.000000
-326	26.822400	0.000000	0.000000
-327	26.920919	0.000065	0.001741
-328	26.822400	0.000000	0.000000
-329	26.822400	0.000000	0.000000
-330	26.751507	0.000059	0.001567
-331	26.759083	0.000060	0.001590
-332	26.822400	0.000000	0.000000
-333	26.822400	0.000000	0.000000
-334	26.725498	0.000049	0.001295
-335	26.822400	0.000000	0.000000
-336	26.810512	0.000008	0.000212
-337	26.822400	0.000000	0.000000
-338	26.865362	0.000005	0.000128
-339	26.822400	0.000000	0.000000
-340	29.124652	0.000000	0.000000
-341	28.654176	0.000104	0.002968
-342	28.699951	0.000000	0.000000
-343	28.888908	0.000027	0.000773
-344	26.822400	0.000000	0.000000
-345	26.822400	0.000000	0.000000
-346	26.784926	0.000121	0.003249
