-1	29.124652	0.000000	0.000000
-2	29.124652	0.004270	0.124545
-3	29.124652	0.004283	0.124926
-4	30.026185	0.004387	0.131907
-5	30.026185	0.007420	0.223067
-6	30.026185	0.007438	0.223597
-7	30.026185	0.007456	0.224130
-8	30.139428	0.007215	0.217696
-9	30.139428	0.006303	0.190173
-10	30.139428	0.006317	0.190583
-11	30.237789	0.005804	0.175682
-12	30.237789	0.005815	0.176004
-13	30.237791	0.005825	0.176323
-14	30.506036	0.006513	0.198885
-15	30.506053	0.006181	0.188735
-16	30.506109	0.006193	0.189103
-17	30.506249	0.005877	0.179439
-18	30.506573	0.005887	0.179763
-19	30.310391	0.005537	0.167978
-20	30.311180	0.005545	0.168212
-21	30.312538	0.005553	0.168454
-22	30.314681	0.005200	0.157748
-23	30.327632	0.004855	0.147285
-24	30.794687	0.004853	0.149425
-25	30.809739	0.004500	0.138583
-26	27.401766	0.004981	0.136333
-27	27.418856	0.004988	0.136535
-28	29.208492	0.004733	0.137914
-29	29.240305	0.004744	0.138191
-30	29.257365	0.004749	0.138346
-31	29.268295	0.004436	0.129200
-32	29.272046	0.004439	0.129270
-33	27.762597	0.004359	0.120385
-34	27.752791	0.004359	0.120390
-35	27.738873	0.004359	0.120366
-36	27.722208	0.004358	0.120315
-37	27.703763	0.004057	0.112010
-38	27.690836	0.004055	0.111928
-39	29.212184	0.003889	0.113290
-40	29.200007	0.003885	0.113170
-41	29.190484	0.003880	0.113044
-42	29.183710	0.003604	0.104986
-43	29.269228	0.003685	0.107672
-44	21.481713	0.004991	0.107018
-45	21.484216	0.004982	0.106821
-46	21.488085	0.004973	0.106633
-47	21.492312	0.004965	0.106452
-48	21.497777	0.004613	0.098898
-49	21.500468	0.004602	0.098653
-50	29.205925	0.003366	0.098026
-51	29.205035	0.003359	0.097806
-52	29.201964	0.003351	0.097569
-53	29.196878	0.003108	0.090474
-54	29.189971	0.003099	0.090215
-55	29.383010	0.002840	0.083214
-56	29.104745	0.003024	0.087795
-57	29.094126	0.003014	0.087484
-58	29.082626	0.003002	0.087152
-59	29.160383	0.003094	0.090077
-60	29.147865	0.001688	0.049140
-61	29.391571	0.001643	0.048252
-62	29.380290	0.001636	0.048035
-63	28.354087	0.001681	0.047653
-64	28.345137	0.001673	0.047417
-65	28.337806	0.001664	0.047167
-66	28.332790	0.001656	0.046925
-67	28.329846	0.001647	0.046683
-68	28.328759	0.001639	0.046439
-69	28.329125	0.001630	0.046206
-70	28.743330	0.001622	0.046638
-71	28.744831	0.001616	0.046460
-72	28.746994	0.001608	0.046231
-73	28.749099	0.001600	0.046007
-74	28.751034	0.001592	0.045786
-75	28.752755	0.001585	0.045573
-76	25.599504	0.001731	0.044333
-77	25.601000	0.001724	0.044142
-78	27.855411	0.001412	0.039326
-79	27.857547	0.001406	0.039168
-80	26.233201	0.001431	0.037539
-81	26.237726	0.001424	0.037366
-82	26.243246	0.001418	0.037207
-83	26.249534	0.001251	0.032829
-84	23.276268	0.001352	0.031474
-85	22.668076	0.001487	0.033691
-86	22.672083	0.001484	0.033635
-87	22.675388	0.001482	0.033593
-88	22.678500	0.001210	0.027442
-89	22.679680	0.001210	0.027456
-90	29.115590	0.000958	0.027917
-91	29.115815	0.000959	0.027946
-92	29.115907	0.000960	0.027982
-93	29.115880	0.000962	0.028033
-94	29.115651	0.000964	0.028090
-95	29.115010	0.000966	0.028157
-96	29.113716	0.000968	0.028230
-97	29.111517	0.000971	0.028310
-98	29.185933	0.000923	0.026981
-99	29.181789	0.000925	0.027060
-100	29.175854	0.000928	0.027154
-101	29.168732	0.000776	0.022699
-102	29.161898	0.000778	0.022780
-103	29.507962	0.000624	0.018481
-104	29.497751	0.000627	0.018580
-105	29.174311	0.000591	0.017345
-106	29.162833	0.000595	0.017449
-107	29.151002	0.000599	0.017557
-108	29.138925	0.000602	0.017669
-109	29.126613	0.000606	0.017787
-110	29.114448	0.000610	0.017908
-111	29.102851	0.000615	0.018034
-112	29.092343	0.000619	0.018163
-113	29.083824	0.000623	0.018293
-114	29.077588	0.000628	0.018430
-115	29.074446	0.000429	0.012589
-116	29.074826	0.000432	0.012698
-117	29.078783	0.000436	0.012810
-118	28.349157	0.000442	0.012647
-119	28.359435	0.000446	0.012762
-120	28.371840	0.000450	0.012878
-121	28.830573	0.000463	0.013455
-122	28.844827	0.000411	0.011956
-123	28.859693	0.000415	0.012076
-124	28.339842	0.000421	0.012007
-125	28.354561	0.000425	0.012129
-126	28.369236	0.000429	0.012250
-127	28.384372	0.000433	0.012371
-128	28.448560	0.000462	0.013217
-129	28.461854	0.000466	0.013316
-130	28.475518	0.000469	0.013410
-131	28.506690	0.000428	0.012224
-132	28.584083	0.000403	0.011544
-133	28.607950	0.000406	0.011627
-134	29.451584	0.000416	0.012253
-135	29.485230	0.000420	0.012348
-136	28.679441	0.000444	0.012690
-137	28.718976	0.000447	0.012785
-138	28.759331	0.000450	0.012876
-139	29.418763	0.000445	0.013004
-140	29.453640	0.000448	0.013087
-141	29.481420	0.000451	0.013166
-142	28.648836	0.000472	0.013387
-143	28.657576	0.000475	0.013462
-144	29.035687	0.000461	0.013245
-145	28.699951	0.000000	0.000000
-146	28.699951	0.000774	0.022241
-147	28.699951	0.000776	0.022309
-148	28.789432	0.000547	0.015766
-149	28.789432	0.000925	0.026661
-150	28.789432	0.000927	0.026725
-151	28.789432	0.000929	0.026788
-152	28.789374	0.001173	0.033821
-153	28.789374	0.001025	0.029544
-154	28.789374	0.001027	0.029608
-155	28.789398	0.001566	0.045126
-156	28.789399	0.001569	0.045206
-157	28.789401	0.001571	0.045288
-158	28.699970	0.000811	0.023292
-159	28.699984	0.000769	0.022102
-160	28.700044	0.000771	0.022146
-161	28.700187	0.000732	0.021014
-162	28.700514	0.000733	0.021052
-163	29.148009	0.001136	0.033147
-164	29.148841	0.001138	0.033195
-165	29.150115	0.001139	0.033241
-166	29.152297	0.001067	0.031129
-167	29.165351	0.000996	0.029065
-168	27.386620	0.000995	0.027247
-169	27.400454	0.000923	0.025270
-170	28.666452	0.000970	0.027766
-171	28.684154	0.000971	0.027807
-172	28.883229	0.000925	0.026651
-173	28.915109	0.000927	0.026705
-174	28.931753	0.000928	0.026735
-175	28.942477	0.000867	0.024967
-176	28.946106	0.000867	0.024981
-177	28.672960	0.001189	0.033911
-178	28.662977	0.001189	0.033913
-179	28.648671	0.001189	0.033906
-180	28.631287	0.001189	0.033892
-181	28.612583	0.001107	0.031553
-182	28.598954	0.001106	0.031530
-183	28.943273	0.001040	0.030032
-184	28.931229	0.001039	0.030000
-185	28.921819	0.001038	0.029967
-186	28.915136	0.000964	0.027831
-187	29.045433	0.000861	0.024972
-188	28.775770	0.000884	0.025387
-189	28.778405	0.000882	0.025340
-190	28.783409	0.000881	0.025295
-191	28.789250	0.000879	0.025251
-192	28.796772	0.000817	0.023469
-193	28.801303	0.000815	0.023407
-194	28.892321	0.000826	0.023782
-195	28.891416	0.000824	0.023728
-196	28.888355	0.000822	0.023671
-197	28.883304	0.000762	0.021950
-198	28.876457	0.000760	0.021886
-199	28.733795	0.000996	0.028540
-200	29.529921	0.000801	0.023588
-201	29.519159	0.000798	0.023505
-202	29.507495	0.000795	0.023415
-203	28.914494	0.000695	0.020064
-204	28.902000	0.000379	0.010945
-205	28.889003	0.000400	0.011541
-206	28.877958	0.000398	0.011489
-207	28.822689	0.000402	0.011575
-208	28.813560	0.000400	0.011518
-209	28.806075	0.000398	0.011457
-210	28.800939	0.000396	0.011398
-211	28.797917	0.000394	0.011339
-212	28.796787	0.000392	0.011280
-213	28.797142	0.000390	0.011224
-214	28.888195	0.000361	0.010435
-215	28.889681	0.000360	0.010395
-216	28.891867	0.000358	0.010344
-217	28.893983	0.000356	0.010294
-218	28.895929	0.000354	0.010244
-219	28.897660	0.000353	0.010197
-220	28.810357	0.000386	0.011123
-221	28.812016	0.000384	0.011075
-222	28.680521	0.000252	0.007236
-223	28.682691	0.000251	0.007207
-224	24.538212	0.000350	0.008584
-225	24.542423	0.000348	0.008546
-226	24.547631	0.000347	0.008509
-227	24.553529	0.000306	0.007509
-228	28.756163	0.000304	0.008734
-229	28.674270	0.000224	0.006408
-230	28.679813	0.000223	0.006396
-231	28.684180	0.000223	0.006388
-232	28.688438	0.000182	0.005216
-233	28.690174	0.000182	0.005219
-234	28.691026	0.000167	0.004797
-235	28.691247	0.000167	0.004802
-236	28.691337	0.000167	0.004808
-237	28.691307	0.000168	0.004817
-238	28.691076	0.000168	0.004827
-239	28.690434	0.000168	0.004838
-240	28.689145	0.000169	0.004851
-241	28.686961	0.000169	0.004864
-242	28.995927	0.000217	0.006304
-243	28.991979	0.000218	0.006321
-244	28.985981	0.000218	0.006344
-245	28.978897	0.000182	0.005303
-246	28.972219	0.000183	0.005322
-247	26.126070	0.000155	0.004079
-248	26.117353	0.000156	0.004100
-249	28.850854	0.000188	0.005465
-250	28.839501	0.000190	0.005498
-251	28.827793	0.000191	0.005532
-252	28.815851	0.000192	0.005567
-253	28.803676	0.000193	0.005604
-254	28.791651	0.000194	0.005643
-255	28.780196	0.000196	0.005682
-256	28.769825	0.000197	0.005723
-257	28.761426	0.000199	0.005764
-258	28.755294	0.000200	0.005807
-259	28.752227	0.000137	0.003967
-260	28.752641	0.000138	0.004001
-261	28.756594	0.000139	0.004036
-262	28.763913	0.000150	0.004352
-263	28.774306	0.000151	0.004392
-264	28.786864	0.000153	0.004432
-265	28.756476	0.000138	0.004011
-266	28.770691	0.000123	0.003564
-267	28.785523	0.000124	0.003600
-268	28.755707	0.000132	0.003828
-269	28.770647	0.000133	0.003867
-270	28.785525	0.000135	0.003905
-271	28.800869	0.000136	0.003944
-272	28.727588	0.000113	0.003256
-273	28.741096	0.000114	0.003281
-274	28.754890	0.000114	0.003304
-275	28.785936	0.000104	0.003011
-276	27.566186	0.000140	0.003865
-277	27.587831	0.000141	0.003892
-278	29.362067	0.000115	0.003367
-279	29.395426	0.000116	0.003393
-280	28.892920	0.000110	0.003172
-281	28.932733	0.000111	0.003196
-282	28.973407	0.000112	0.003219
-283	29.193064	0.000110	0.003198
-284	29.227622	0.000111	0.003218
-285	29.255101	0.000112	0.003238
-286	29.362246	0.000107	0.003099
-287	29.371479	0.000107	0.003116
-288	29.274000	0.000119	0.003449
-289	26.822400	0.005448	0.146337
-290	26.822400	0.005458	0.146602
-291	26.822400	0.001694	0.045583
-292	26.822400	0.000000	0.000000
-293	26.822400	0.001205	0.032392
-294	26.822400	0.000000	0.000000
-295	26.822400	0.000000	0.000000
-296	26.822604	0.000437	0.011746
-297	26.822662	0.000417	0.011218
-298	26.822400	0.000000	0.000000
-299	26.830154	0.000489	0.013111
-300	26.836718	0.000489	0.013124
-301	26.822400	0.000000	0.000000
-302	26.822400	0.000000	0.000000
-303	26.822400	0.000000	0.000000
-304	26.965049	0.000412	0.011070
-305	26.822400	0.000000	0.000000
-306	26.904481	0.000393	0.010541
-307	26.822400	0.000000	0.000000
-308	26.855591	0.000374	0.010029
-309	26.822400	0.000000	0.000000
-310	26.822400	0.000000	0.000000
-311	26.869488	0.000335	0.008978
-312	26.822400	0.000000	0.000000
-313	26.867463	0.000317	0.008497
-314	26.822400	0.000000	0.000000
-315	26.822400	0.000000	0.000000
-316	26.793437	0.001846	0.049406
-317	26.822400	0.000000	0.000000
-318	26.822400	0.000000	0.000000
-319	26.822400	0.000000	0.000000
-320	26.822400	0.000000	0.000000
-321	26.762497	0.000314	0.008402
-322	26.822400	0.000000	0.000000
-323	26.822400	0.000000	0.000000
-324	26.785183	0.000195	0.005202
-325	26.822400	0.000000	0.000000
-326	26.822400	0.000000	0.000000
-327	26.811425	0.000272	0.007295
-328	26.822400	0.000000	0.000000
-329	26.822400	0.000000	0.000000
-330	26.780021	0.000212	0.005688
-331	26.781714	0.000210	0.005633
-332	26.822400	0.000000	0.000000
-333	26.822400	0.000000	0.000000
-334	26.664311	0.000293	0.007886
-335	26.822400	0.000000	0.000000
-336	26.730676	0.000078	0.002102
-337	26.822400	0.000000	0.000000
-338	26.854732	0.000063	0.001695
-339	26.822400	0.000000	0.000000
-340	29.124652	0.000000	0.000000
-341	29.014667	0.000464	0.013330
-342	28.699951	0.000000	0.000000
-343	29.252235	0.000120	0.003471
-344	26.822400	0.000000	0.000000
-345	26.822400	0.000000	0.000000
-346	26.876650	0.000490	0.013145
