-1	29.124652	0.000000	0.000000
-2	29.124652	0.006524	0.189886
-3	29.124652	0.006515	0.189639
-4	30.026185	0.006645	0.199390
-5	30.026185	0.011442	0.343305
-6	30.026185	0.011425	0.342814
-7	30.026185	0.011409	0.342322
-8	30.139428	0.010998	0.331227
-9	30.139428	0.009624	0.289931
-10	30.139428	0.009615	0.289666
-11	30.237788	0.008800	0.265962
-12	30.237789	0.008793	0.265753
-13	30.237789	0.008786	0.265548
-14	30.506026	0.009787	0.298435
-15	30.506033	0.009261	0.282410
-16	30.506055	0.009254	0.282205
-17	30.506111	0.008752	0.266925
-18	30.506240	0.008748	0.266780
-19	30.309747	0.008211	0.248787
-20	30.310062	0.008207	0.248682
-21	30.310604	0.008203	0.248573
-22	30.311463	0.007682	0.232777
-23	30.316718	0.007156	0.216850
-24	30.777212	0.007136	0.219498
-25	30.783414	0.006617	0.203519
-26	27.369857	0.007308	0.199822
-27	27.377065	0.007305	0.199736
-28	29.153016	0.006919	0.201393
-29	29.167277	0.006913	0.201214
-30	29.175331	0.006909	0.201083
-31	29.180979	0.006455	0.187847
-32	29.183627	0.006450	0.187697
-33	27.681792	0.006324	0.174582
-34	27.678307	0.006318	0.174407
-35	27.672818	0.006312	0.174219
-36	27.666028	0.006304	0.174010
-37	27.658583	0.005876	0.162178
-38	27.653503	0.005870	0.162005
-39	29.181532	0.005627	0.163922
-40	29.177274	0.005620	0.163699
-41	29.174006	0.005612	0.163473
-42	29.171356	0.005218	0.151982
-43	29.258327	0.005334	0.155855
-44	21.470723	0.007223	0.154892
-45	21.466455	0.007210	0.154599
-46	21.461343	0.007197	0.154332
-47	21.455538	0.007186	0.154089
-48	21.444292	0.006681	0.143271
-49	21.434329	0.006670	0.143033
-50	29.104283	0.004883	0.142236
-51	29.092146	0.004877	0.142079
-52	29.079654	0.004872	0.141943
-53	29.067377	0.004529	0.131959
-54	29.055799	0.004526	0.131890
-55	29.246190	0.004158	0.122000
-56	28.970951	0.004441	0.129152
-57	28.965997	0.004442	0.129193
-58	28.964529	0.004444	0.129276
-59	29.055727	0.004600	0.134252
-60	29.061919	0.003288	0.095976
-61	29.328570	0.003222	0.094889
-62	29.340620	0.003228	0.095080
-63	28.341309	0.003341	0.095032
-64	28.356538	0.003350	0.095279
-65	28.372384	0.003359	0.095557
-66	28.386787	0.003369	0.095842
-67	28.399556	0.003379	0.096139
-68	28.410407	0.003390	0.096450
-69	28.418806	0.003401	0.096756
-70	28.840068	0.003418	0.098665
-71	28.843710	0.003426	0.098911
-72	28.846956	0.003438	0.099233
-73	28.848992	0.003449	0.099557
-74	28.850091	0.003460	0.099884
-75	28.850461	0.003471	0.100206
-76	25.684335	0.003830	0.098438
-77	25.683783	0.003842	0.098743
-78	27.942490	0.003347	0.093556
-79	27.941583	0.003355	0.093780
-80	26.307240	0.003445	0.090659
-81	26.306161	0.003455	0.090924
-82	26.305191	0.003465	0.091182
-83	26.304304	0.003140	0.082654
-84	23.317298	0.003419	0.079776
-85	22.701127	0.003781	0.085884
-86	22.700073	0.003790	0.086079
-87	22.698690	0.003799	0.086271
-88	22.695706	0.003127	0.071009
-89	22.693546	0.003134	0.071154
-90	29.130092	0.002484	0.072403
-91	29.128588	0.002487	0.072489
-92	29.127413	0.002490	0.072569
-93	29.126647	0.002493	0.072657
-94	29.126591	0.002496	0.072736
-95	29.127339	0.002499	0.072810
-96	29.128932	0.002501	0.072876
-97	29.131396	0.002503	0.072935
-98	29.213430	0.002373	0.069335
-99	29.217300	0.002375	0.069371
-100	29.222538	0.002376	0.069404
-101	29.228608	0.001927	0.056289
-102	29.234330	0.001928	0.056295
-103	29.601566	0.001470	0.043450
-104	29.609981	0.001470	0.043438
-105	29.305577	0.001378	0.040295
-106	29.314612	0.001377	0.040270
-107	29.323400	0.001376	0.040237
-108	29.331593	0.001375	0.040199
-109	29.338929	0.001374	0.040156
-110	29.345035	0.001372	0.040109
-111	29.349701	0.001370	0.040058
-112	29.352835	0.001369	0.040005
-113	29.354410	0.001367	0.039952
-114	29.354548	0.001365	0.039897
-115	29.353311	0.000972	0.028409
-116	29.350802	0.000970	0.028350
-117	29.347110	0.000968	0.028290
-118	28.598275	0.000970	0.027619
-119	28.591937	0.000968	0.027561
-120	28.583970	0.000966	0.027503
-121	29.022256	0.000983	0.028421
-122	29.010128	0.000881	0.025486
-123	28.994756	0.000880	0.025448
-124	28.438837	0.000881	0.025011
-125	28.417083	0.000880	0.024978
-126	28.393227	0.000878	0.024950
-127	28.368606	0.000878	0.024927
-128	28.394140	0.000926	0.026359
-129	28.378184	0.000926	0.026351
-130	28.365892	0.000926	0.026348
-131	28.356152	0.000839	0.023906
-132	28.401227	0.000784	0.022367
-133	28.404427	0.000785	0.022401
-134	29.221404	0.000800	0.023491
-135	29.225019	0.000802	0.023543
-136	28.388938	0.000844	0.024072
-137	28.381886	0.000846	0.024140
-138	28.368178	0.000849	0.024213
-139	28.961246	0.000836	0.024370
-140	28.939229	0.000839	0.024453
-141	28.917818	0.000842	0.024543
-142	28.069830	0.000880	0.024912
-143	28.059633	0.000883	0.025016
-144	28.441115	0.000857	0.024594
-145	28.699951	0.000000	0.000000
-146	28.699951	0.001182	0.033908
-147	28.699951	0.001181	0.033863
-148	28.789432	0.000828	0.023828
-149	28.789432	0.001426	0.041026
-150	28.789432	0.001424	0.040967
-151	28.789432	0.001422	0.040908
-152	28.789374	0.001788	0.051449
-153	28.789374	0.001565	0.045036
-154	28.789374	0.001564	0.044995
-155	28.789398	0.002374	0.068301
-156	28.789398	0.002372	0.068249
-157	28.789399	0.002370	0.068197
-158	28.699958	0.001218	0.034943
-159	28.699964	0.001153	0.033068
-160	28.699988	0.001152	0.033044
-161	28.700045	0.001089	0.031255
-162	28.700175	0.001089	0.031238
-163	29.147378	0.001685	0.049090
-164	29.147711	0.001684	0.049069
-165	29.148220	0.001683	0.049048
-166	29.149095	0.001576	0.045931
-167	29.154396	0.001468	0.042788
-168	27.370104	0.001463	0.040013
-169	27.375815	0.001356	0.037100
-170	28.633475	0.001423	0.040700
-171	28.640935	0.001422	0.040682
-172	28.828409	0.001352	0.038918
-173	28.842712	0.001351	0.038882
-174	28.850570	0.001350	0.038858
-175	28.856121	0.001261	0.036300
-176	28.858703	0.001260	0.036271
-177	28.589295	0.001725	0.049180
-178	28.585765	0.001723	0.049131
-179	28.580131	0.001722	0.049078
-180	28.573048	0.001720	0.049018
-181	28.565485	0.001603	0.045687
-182	28.560126	0.001601	0.045637
-183	28.912974	0.001506	0.043454
-184	28.908763	0.001504	0.043395
-185	28.905530	0.001502	0.043335
-186	28.902908	0.001396	0.040289
-187	29.034603	0.001247	0.036147
-188	28.763250	0.001279	0.036744
-189	28.758023	0.001277	0.036674
-190	28.751446	0.001274	0.036609
-191	28.743755	0.001272	0.036549
-192	28.731000	0.001183	0.033989
-193	28.716944	0.001181	0.033927
-194	28.791649	0.001197	0.034508
-195	28.779636	0.001196	0.034470
-196	28.767279	0.001195	0.034437
-197	28.755143	0.001111	0.032015
-198	28.743708	0.001110	0.031998
-199	28.600038	0.001458	0.041846
-200	29.394089	0.001176	0.034697
-201	29.389011	0.001176	0.034708
-202	29.387465	0.001177	0.034730
-203	28.810808	0.001033	0.029905
-204	28.817030	0.000739	0.021379
-205	28.827529	0.000784	0.022699
-206	28.839366	0.000786	0.022744
-207	28.809298	0.000798	0.023080
-208	28.824780	0.000800	0.023140
-209	28.840894	0.000803	0.023208
-210	28.855571	0.000805	0.023277
-211	28.868582	0.000807	0.023349
-212	28.879646	0.000810	0.023425
-213	28.888219	0.000812	0.023499
-214	28.985421	0.000761	0.022075
-215	28.989044	0.000763	0.022129
-216	28.992334	0.000765	0.022202
-217	28.994384	0.000768	0.022274
-218	28.995492	0.000770	0.022347
-219	28.995867	0.000773	0.022420
-220	28.906138	0.000853	0.024675
-221	28.905542	0.000856	0.024751
-222	28.770289	0.000598	0.017210
-223	28.769361	0.000599	0.017251
-224	24.607003	0.000843	0.020745
-225	24.606018	0.000845	0.020805
-226	24.605116	0.000848	0.020863
-227	24.604285	0.000768	0.018912
-228	28.808577	0.000767	0.022112
-229	28.717847	0.000568	0.016317
-230	28.716484	0.000569	0.016357
-231	28.714856	0.000571	0.016393
-232	28.711420	0.000470	0.013492
-233	28.708451	0.000471	0.013522
-234	28.705302	0.000433	0.012441
-235	28.703822	0.000434	0.012455
-236	28.702652	0.000434	0.012469
-237	28.701920	0.000435	0.012484
-238	28.701875	0.000435	0.012498
-239	28.702626	0.000436	0.012510
-240	28.704208	0.000436	0.012522
-241	28.706650	0.000436	0.012532
-242	29.023461	0.000558	0.016198
-243	29.027152	0.000558	0.016206
-244	29.032443	0.000559	0.016214
-245	29.038481	0.000453	0.013150
-246	29.044072	0.000453	0.013151
-247	26.211741	0.000366	0.009581
-248	26.218910	0.000366	0.009578
-249	28.980892	0.000439	0.012696
-250	28.989823	0.000439	0.012688
-251	28.998511	0.000438	0.012677
-252	29.006602	0.000438	0.012665
-253	29.013843	0.000438	0.012652
-254	29.019865	0.000437	0.012637
-255	29.024462	0.000437	0.012621
-256	29.027544	0.000436	0.012604
-257	29.029085	0.000435	0.012587
-258	29.029206	0.000435	0.012570
-259	29.027969	0.000310	0.008951
-260	29.025475	0.000309	0.008932
-261	29.021807	0.000308	0.008913
-262	29.016913	0.000329	0.009506
-263	29.010508	0.000328	0.009485
-264	29.002460	0.000328	0.009466
-265	28.947594	0.000294	0.008473
-266	28.935493	0.000263	0.007598
-267	28.920146	0.000263	0.007586
-268	28.856693	0.000277	0.007975
-269	28.834641	0.000276	0.007964
-270	28.810455	0.000276	0.007955
-271	28.785453	0.000276	0.007948
-272	28.672974	0.000226	0.006494
-273	28.656752	0.000226	0.006492
-274	28.644317	0.000226	0.006492
-275	28.634421	0.000205	0.005890
-276	27.388318	0.000272	0.007487
-277	27.391249	0.000272	0.007497
-278	29.132329	0.000221	0.006455
-279	29.135893	0.000221	0.006470
-280	28.600593	0.000209	0.006018
-281	28.593540	0.000210	0.006035
-282	28.579766	0.000211	0.006053
-283	28.738620	0.000207	0.005993
-284	28.716773	0.000208	0.006013
-285	28.695572	0.000209	0.006035
-286	28.769299	0.000199	0.005766
-287	28.758615	0.000199	0.005790
-288	28.673808	0.000221	0.006403
-289	26.822400	0.008360	0.224086
-290	26.822400	0.008353	0.223914
-291	26.822400	0.002320	0.062224
-292	26.822400	0.000000	0.000000
-293	26.822400	0.001763	0.047164
-294	26.822400	0.000000	0.000000
-295	26.822400	0.000000	0.000000
-296	26.822481	0.000658	0.017603
-297	26.822504	0.000629	0.016826
-298	26.822400	0.000000	0.000000
-299	26.825511	0.000700	0.018772
-300	26.828172	0.000702	0.018818
-301	26.822400	0.000000	0.000000
-302	26.822400	0.000000	0.000000
-303	26.822400	0.000000	0.000000
-304	26.885124	0.000583	0.015622
-305	26.822400	0.000000	0.000000
-306	26.862617	0.000554	0.014846
-307	26.822400	0.000000	0.000000
-308	26.844374	0.000531	0.014242
-309	26.822400	0.000000	0.000000
-310	26.822400	0.000000	0.000000
-311	26.813119	0.000484	0.012960
-312	26.822400	0.000000	0.000000
-313	26.747795	0.000458	0.012270
-314	26.822400	0.000000	0.000000
-315	26.822400	0.000000	0.000000
-316	26.732746	0.001754	0.047056
-317	26.822400	0.000000	0.000000
-318	26.822400	0.000000	0.000000
-319	26.822400	0.000000	0.000000
-320	26.822400	0.000000	0.000000
-321	26.846313	0.000488	0.013141
-322	26.822400	0.000000	0.000000
-323	26.822400	0.000000	0.000000
-324	26.841136	0.000402	0.010784
-325	26.822400	0.000000	0.000000
-326	26.822400	0.000000	0.000000
-327	26.833478	0.000689	0.018494
-328	26.822400	0.000000	0.000000
-329	26.822400	0.000000	0.000000
-330	26.855224	0.000612	0.016409
-331	26.853820	0.000604	0.016212
-332	26.822400	0.000000	0.000000
-333	26.822400	0.000000	0.000000
-334	26.918180	0.000560	0.015036
-335	26.822400	0.000000	0.000000
-336	26.864840	0.000139	0.003724
-337	26.822400	0.000000	0.000000
-338	26.719568	0.000115	0.003067
-339	26.822400	0.000000	0.000000
-340	29.124652	0.000000	0.000000
-341	28.461689	0.000862	0.024758
-342	28.699951	0.000000	0.000000
-343	28.695097	0.000223	0.006447
-344	26.822400	0.000000	0.000000
-345	26.822400	0.000000	0.000000
-346	26.844750	0.000699	0.018745
