-1	29.124652	0.000000	0.000000
-2	29.124652	0.004544	0.132325
-3	29.124652	0.004543	0.132303
-4	30.026185	0.004638	0.139260
-5	30.026185	0.007881	0.236553
-6	30.026185	0.007875	0.236381
-7	30.026185	0.007870	0.236207
-8	30.139428	0.007591	0.228714
-9	30.139428	0.006730	0.202775
-10	30.139428	0.006726	0.202640
-11	30.237789	0.006157	0.186117
-12	30.237789	0.006154	0.186011
-13	30.237791	0.006150	0.185905
-14	30.506033	0.006853	0.208991
-15	30.506046	0.006589	0.200933
-16	30.506091	0.006585	0.200821
-17	30.506201	0.006332	0.193122
-18	30.506454	0.006329	0.193032
-19	30.310157	0.005941	0.180025
-20	30.310768	0.005939	0.179959
-21	30.311813	0.005937	0.179890
-22	30.313449	0.005570	0.168801
-23	30.322746	0.005204	0.157697
-24	30.786463	0.005190	0.159637
-25	30.796587	0.004828	0.148496
-26	27.384890	0.005333	0.145801
-27	27.395268	0.005330	0.145725
-28	29.174890	0.005048	0.146907
-29	29.187503	0.005040	0.146655
-30	29.190994	0.005034	0.146446
-31	29.188578	0.004703	0.136809
-32	29.180323	0.004694	0.136533
-33	27.666193	0.004597	0.126803
-34	27.650705	0.004585	0.126464
-35	27.635476	0.004572	0.126102
-36	27.622444	0.004558	0.125708
-37	27.613494	0.004244	0.117042
-38	27.610067	0.004233	0.116730
-39	29.140759	0.004051	0.117899
-40	29.143882	0.004038	0.117522
-41	29.148813	0.004025	0.117149
-42	29.154214	0.003742	0.108905
-43	29.248397	0.003819	0.111475
-44	21.469338	0.005158	0.110492
-45	21.469293	0.005135	0.110000
-46	21.467237	0.005114	0.109543
-47	21.463806	0.005094	0.109115
-48	21.455772	0.004725	0.101195
-49	21.448256	0.004702	0.100698
-50	29.125661	0.003433	0.099885
-51	29.116244	0.003420	0.099486
-52	29.106558	0.003406	0.099081
-53	29.097117	0.003157	0.091839
-54	29.088343	0.003144	0.091452
-55	29.281591	0.002877	0.084255
-56	29.008284	0.003060	0.088804
-57	29.004965	0.003047	0.088417
-58	29.004317	0.003033	0.088025
-59	29.095495	0.003124	0.090936
-60	29.100405	0.001630	0.047407
-61	29.364769	0.001585	0.046503
-62	29.373528	0.001576	0.046257
-63	28.368730	0.001618	0.045850
-64	28.379137	0.001609	0.045588
-65	28.389568	0.001599	0.045312
-66	28.398618	0.001590	0.045042
-67	28.406146	0.001580	0.044771
-68	28.411953	0.001571	0.044494
-69	28.415806	0.001561	0.044227
-70	28.831685	0.001551	0.044576
-71	28.832166	0.001544	0.044365
-72	28.831345	0.001534	0.044088
-73	28.829165	0.001525	0.043810
-74	28.825597	0.001515	0.043531
-75	28.820686	0.001505	0.043255
-76	25.650422	0.001641	0.041980
-77	25.643081	0.001631	0.041720
-78	27.888507	0.001346	0.037427
-79	27.877851	0.001336	0.037158
-80	26.231304	0.001354	0.035447
-81	26.213109	0.001341	0.035127
-82	26.192995	0.001330	0.034815
-83	26.172069	0.001228	0.032160
-84	23.181390	0.001320	0.030632
-85	22.555132	0.001441	0.032570
-86	22.546942	0.001430	0.032337
-87	22.543226	0.001420	0.032101
-88	22.550515	0.001144	0.025875
-89	22.560770	0.001135	0.025681
-90	28.979781	0.000891	0.025887
-91	28.992117	0.000887	0.025762
-92	29.004125	0.000883	0.025639
-93	29.016182	0.000878	0.025499
-94	29.024867	0.000873	0.025366
-95	29.029787	0.000869	0.025234
-96	29.030229	0.000864	0.025106
-97	29.026034	0.000860	0.024982
-98	29.094003	0.000810	0.023607
-99	29.082400	0.000807	0.023509
-100	29.066260	0.000803	0.023406
-101	29.048486	0.000653	0.019044
-102	29.033225	0.000651	0.018996
-103	29.370022	0.000504	0.014888
-104	29.358138	0.000503	0.014874
-105	29.040980	0.000472	0.013794
-106	29.041161	0.000471	0.013785
-107	29.047508	0.000471	0.013779
-108	29.058921	0.000471	0.013773
-109	29.074027	0.000471	0.013767
-110	29.091021	0.000471	0.013760
-111	29.108388	0.000470	0.013751
-112	29.125063	0.000470	0.013738
-113	29.139838	0.000469	0.013723
-114	29.152999	0.000469	0.013702
-115	29.164062	0.000295	0.008615
-116	29.173062	0.000294	0.008593
-117	29.180313	0.000293	0.008568
-118	28.446869	0.000294	0.008355
-119	28.452833	0.000293	0.008325
-120	28.459662	0.000291	0.008293
-121	28.914790	0.000296	0.008552
-122	28.926376	0.000266	0.007671
-123	28.942229	0.000264	0.007626
-124	28.426360	0.000263	0.007459
-125	28.450670	0.000262	0.007411
-126	28.477183	0.000260	0.007360
-127	28.503436	0.000258	0.007306
-128	28.574230	0.000271	0.007672
-129	28.587742	0.000269	0.007623
-130	28.595684	0.000267	0.007574
-131	28.590868	0.000228	0.006461
-132	28.619532	0.000210	0.005943
-133	28.605603	0.000207	0.005882
-134	29.409988	0.000209	0.006097
-135	29.395296	0.000207	0.006022
-136	28.546307	0.000214	0.006062
-137	28.545352	0.000211	0.005982
-138	28.552294	0.000208	0.005901
-139	29.181340	0.000202	0.005841
-140	29.197380	0.000199	0.005762
-141	29.212604	0.000197	0.005682
-142	28.380983	0.000202	0.005678
-143	28.385291	0.000199	0.005594
-144	28.757521	0.000188	0.005352
-145	28.699951	0.000000	0.000000
-146	28.699951	0.000823	0.023629
-147	28.699951	0.000823	0.023625
-148	28.789432	0.000578	0.016643
-149	28.789432	0.000982	0.028270
-150	28.789432	0.000982	0.028249
-151	28.789432	0.000981	0.028228
-152	28.789374	0.001234	0.035527
-153	28.789374	0.001094	0.031498
-154	28.789374	0.001094	0.031477
-155	28.789398	0.001661	0.047797
-156	28.789398	0.001660	0.047771
-157	28.789400	0.001659	0.047744
-158	28.699966	0.000853	0.024471
-159	28.699977	0.000820	0.023528
-160	28.700024	0.000820	0.023515
-161	28.700137	0.000788	0.022613
-162	28.700393	0.000788	0.022603
-163	29.147780	0.001219	0.035522
-164	29.148424	0.001219	0.035509
-165	29.149403	0.001218	0.035496
-166	29.151068	0.001143	0.033307
-167	29.160384	0.001068	0.031116
-168	27.378755	0.001064	0.029101
-169	27.387981	0.000990	0.027070
-170	28.649070	0.001038	0.029697
-171	28.659864	0.001038	0.029682
-172	28.850036	0.000986	0.028389
-173	28.862554	0.000985	0.028339
-174	28.865964	0.000984	0.028299
-175	28.863508	0.000919	0.026437
-176	28.855303	0.000917	0.026384
-177	28.573588	0.001254	0.035722
-178	28.557589	0.001251	0.035627
-179	28.541773	0.001247	0.035525
-180	28.528072	0.001243	0.035413
-181	28.518786	0.001158	0.032974
-182	28.515121	0.001155	0.032885
-183	28.872643	0.001084	0.031254
-184	28.875755	0.001080	0.031154
-185	28.880645	0.001077	0.031055
-186	28.885987	0.001001	0.028869
-187	29.024794	0.000893	0.025854
-188	28.759779	0.000914	0.026229
-189	28.760596	0.000910	0.026112
-190	28.758400	0.000906	0.026002
-191	28.754089	0.000903	0.025897
-192	28.745256	0.000838	0.024034
-193	28.734712	0.000833	0.023908
-194	28.812827	0.000842	0.024232
-195	28.803505	0.000839	0.024135
-196	28.793925	0.000835	0.024037
-197	28.784594	0.000774	0.022280
-198	28.775931	0.000771	0.022186
-199	28.634707	0.001009	0.028896
-200	29.431943	0.000810	0.023859
-201	29.428536	0.000807	0.023755
-202	29.427837	0.000803	0.023650
-203	28.850235	0.000702	0.020255
-204	28.855165	0.000366	0.010559
-205	28.863045	0.000386	0.011122
-206	28.871645	0.000384	0.011064
-207	28.837251	0.000387	0.011137
-208	28.847838	0.000385	0.011073
-209	28.858453	0.000382	0.011006
-210	28.867683	0.000380	0.010941
-211	28.875363	0.000378	0.010875
-212	28.881296	0.000375	0.010808
-213	28.885241	0.000373	0.010743
-214	28.976995	0.000345	0.009973
-215	28.977484	0.000344	0.009927
-216	28.976663	0.000342	0.009864
-217	28.974479	0.000339	0.009802
-218	28.970902	0.000337	0.009740
-219	28.965970	0.000335	0.009678
-220	28.868991	0.000366	0.010536
-221	28.860906	0.000364	0.010470
-222	28.715056	0.000241	0.006887
-223	28.704197	0.000239	0.006838
-224	24.534580	0.000331	0.008103
-225	24.517759	0.000328	0.008031
-226	24.498911	0.000325	0.007960
-227	24.479411	0.000300	0.007353
-228	28.644254	0.000297	0.008511
-229	28.535537	0.000217	0.006204
-230	28.523669	0.000215	0.006157
-231	28.517594	0.000214	0.006113
-232	28.522985	0.000172	0.004930
-233	28.536328	0.000171	0.004890
-234	28.557314	0.000155	0.004448
-235	28.569468	0.000155	0.004426
-236	28.581517	0.000154	0.004405
-237	28.593192	0.000153	0.004381
-238	28.601693	0.000152	0.004358
-239	28.606478	0.000151	0.004335
-240	28.606845	0.000151	0.004313
-241	28.602646	0.000150	0.004292
-242	28.904398	0.000191	0.005514
-243	28.893335	0.000190	0.005492
-244	28.877037	0.000189	0.005468
-245	28.859375	0.000154	0.004449
-246	28.844435	0.000153	0.004438
-247	26.004012	0.000125	0.003283
-248	25.994297	0.000125	0.003280
-249	28.719130	0.000150	0.004346
-250	28.719376	0.000150	0.004343
-251	28.725712	0.000150	0.004341
-252	28.737035	0.000150	0.004339
-253	28.751997	0.000150	0.004338
-254	28.768808	0.000150	0.004335
-255	28.785974	0.000150	0.004332
-256	28.802446	0.000150	0.004328
-257	28.817036	0.000150	0.004324
-258	28.830029	0.000149	0.004317
-259	28.840941	0.000094	0.002714
-260	28.849823	0.000094	0.002707
-261	28.856986	0.000093	0.002699
-262	28.863115	0.000100	0.002876
-263	28.869151	0.000099	0.002865
-264	28.876046	0.000099	0.002854
-265	28.840470	0.000088	0.002549
-266	28.852033	0.000079	0.002287
-267	28.867863	0.000079	0.002273
-268	28.843352	0.000083	0.002378
-269	28.867995	0.000082	0.002363
-270	28.894889	0.000082	0.002347
-271	28.921580	0.000081	0.002330
-272	28.854508	0.000066	0.001890
-273	28.868253	0.000066	0.001878
-274	28.876306	0.000065	0.001866
-275	28.871713	0.000056	0.001592
-276	27.597680	0.000073	0.001988
-277	27.584975	0.000072	0.001968
-278	29.320159	0.000058	0.001675
-279	29.305624	0.000057	0.001655
-280	28.759092	0.000053	0.001516
-281	28.758071	0.000052	0.001496
-282	28.765021	0.000052	0.001475
-283	28.957314	0.000050	0.001436
-284	28.973227	0.000049	0.001417
-285	28.988291	0.000049	0.001397
-286	29.087829	0.000046	0.001315
-287	29.092467	0.000045	0.001295
-288	28.993537	0.000049	0.001394
-289	26.822400	0.005816	0.155981
-290	26.822400	0.005815	0.155966
-291	26.822400	0.001753	0.047078
-292	26.822400	0.000000	0.000000
-293	26.822400	0.001111	0.029774
-294	26.822400	0.000000	0.000000
-295	26.822400	0.000000	0.000000
-296	26.822557	0.000331	0.008857
-297	26.822606	0.000316	0.008470
-298	26.822400	0.000000	0.000000
-299	26.828278	0.000492	0.013180
-300	26.833018	0.000490	0.013141
-301	26.822400	0.000000	0.000000
-302	26.822400	0.000000	0.000000
-303	26.822400	0.000000	0.000000
-304	26.886082	0.000417	0.011186
-305	26.822400	0.000000	0.000000
-306	26.819606	0.000393	0.010532
-307	26.822400	0.000000	0.000000
-308	26.829769	0.000372	0.009951
-309	26.822400	0.000000	0.000000
-310	26.822400	0.000000	0.000000
-311	26.825515	0.000336	0.008996
-312	26.822400	0.000000	0.000000
-313	26.775485	0.000317	0.008490
-314	26.822400	0.000000	0.000000
-315	26.822400	0.000000	0.000000
-316	26.765668	0.001963	0.052554
-317	26.822400	0.000000	0.000000
-318	26.822400	0.000000	0.000000
-319	26.822400	0.000000	0.000000
-320	26.822400	0.000000	0.000000
-321	26.794936	0.000280	0.007520
-322	26.822400	0.000000	0.000000
-323	26.822400	0.000000	0.000000
-324	26.706366	0.000108	0.002889
-325	26.822400	0.000000	0.000000
-326	26.822400	0.000000	0.000000
-327	26.655482	0.000262	0.006987
-328	26.822400	0.000000	0.000000
-329	26.822400	0.000000	0.000000
-330	26.656994	0.000195	0.005212
-331	26.666468	0.000195	0.005213
-332	26.822400	0.000000	0.000000
-333	26.822400	0.000000	0.000000
-334	26.749039	0.000248	0.006652
-335	26.822400	0.000000	0.000000
-336	26.808287	0.000041	0.001102
-337	26.822400	0.000000	0.000000
-338	26.944046	0.000047	0.001261
-339	26.822400	0.000000	0.000000
-340	29.124652	0.000000	0.000000
-341	28.736992	0.000184	0.005238
-342	28.699951	0.000000	0.000000
-343	28.972313	0.000048	0.001364
-344	26.822400	0.000000	0.000000
-345	26.822400	0.000000	0.000000
-346	26.858618	0.000487	0.013058
