-1	29.124652	0.000000	0.000000
-2	29.124652	0.000583	0.016979
-3	29.124652	0.000583	0.016964
-4	30.026185	0.000595	0.017844
-5	30.026185	0.001097	0.032914
-6	30.026185	0.001095	0.032861
-7	30.026185	0.001093	0.032807
-8	30.139428	0.001054	0.031738
-9	30.139428	0.000999	0.030098
-10	30.139428	0.000998	0.030046
-11	30.237789	0.000912	0.027557
-12	30.237790	0.000911	0.027516
-13	30.237793	0.000909	0.027475
-14	30.506047	0.001012	0.030847
-15	30.506074	0.000967	0.029473
-16	30.506168	0.000965	0.029423
-17	30.506400	0.000921	0.028068
-18	30.506935	0.000919	0.028021
-19	30.311094	0.000862	0.026105
-20	30.312399	0.000861	0.026071
-21	30.314645	0.000860	0.026036
-22	30.318192	0.000810	0.024525
-23	30.339591	0.000759	0.022984
-24	30.813835	0.000756	0.023237
-25	30.838558	0.000707	0.021723
-26	27.436634	0.000780	0.021304
-27	27.464372	0.000778	0.021267
-28	29.268616	0.000736	0.021415
-29	29.317981	0.000734	0.021334
-30	29.343120	0.000732	0.021274
-31	29.357415	0.000687	0.019971
-32	29.359398	0.000685	0.019903
-33	27.838758	0.000670	0.018457
-34	27.818776	0.000667	0.018379
-35	27.793040	0.000664	0.018296
-36	27.764341	0.000661	0.018206
-37	27.735119	0.000617	0.017007
-38	27.716132	0.000615	0.016936
-39	29.234439	0.000587	0.017074
-40	29.220417	0.000584	0.016985
-41	29.211026	0.000581	0.016895
-42	29.205304	0.000541	0.015742
-43	29.291752	0.000551	0.016079
-44	21.496899	0.000742	0.015888
-45	21.494987	0.000737	0.015770
-46	21.491699	0.000732	0.015661
-47	21.486443	0.000727	0.015561
-48	21.470453	0.000674	0.014424
-49	21.452610	0.000669	0.014319
-50	29.117866	0.000488	0.014182
-51	29.089549	0.000485	0.014107
-52	29.057089	0.000483	0.014038
-53	29.021969	0.000449	0.013061
-54	28.985443	0.000447	0.013012
-55	29.149450	0.000410	0.012001
-56	28.849521	0.000436	0.012673
-57	28.820762	0.000435	0.012651
-58	28.797889	0.000435	0.012640
-59	28.871072	0.000450	0.013113
-60	28.863111	0.000357	0.010419
-61	29.118180	0.000350	0.010305
-62	29.125786	0.000351	0.010333
-63	28.134109	0.000363	0.010339
-64	28.153796	0.000365	0.010380
-65	28.178189	0.000366	0.010428
-66	28.203631	0.000368	0.010478
-67	28.229095	0.000370	0.010531
-68	28.253358	0.000372	0.010586
-69	28.274288	0.000374	0.010640
-70	28.707467	0.000376	0.010876
-71	28.718900	0.000378	0.010919
-72	28.730656	0.000380	0.010975
-73	28.739773	0.000382	0.011030
-74	28.747020	0.000384	0.011086
-75	28.753072	0.000386	0.011140
-76	25.604594	0.000426	0.010966
-77	25.610240	0.000428	0.011016
-78	27.871507	0.000381	0.010650
-79	27.879975	0.000382	0.010683
-80	26.265500	0.000393	0.010339
-81	26.282796	0.000394	0.010378
-82	26.303299	0.000396	0.010417
-83	26.325827	0.000326	0.008577
-84	23.359474	0.000355	0.008294
-85	22.760720	0.000394	0.008945
-86	22.770961	0.000395	0.008978
-87	22.776787	0.000397	0.009011
-88	22.773617	0.000339	0.007715
-89	22.766884	0.000341	0.007751
-90	29.214951	0.000271	0.007908
-91	29.206802	0.000272	0.007933
-92	29.199228	0.000273	0.007957
-93	29.192290	0.000274	0.007985
-94	29.188058	0.000275	0.008013
-95	29.186649	0.000276	0.008041
-96	29.188235	0.000277	0.008069
-97	29.192862	0.000278	0.008098
-98	29.280442	0.000264	0.007721
-99	29.291265	0.000265	0.007744
-100	29.308490	0.000266	0.007770
-101	29.331962	0.000221	0.006475
-102	29.357124	0.000222	0.006490
-103	29.764726	0.000179	0.005288
-104	29.813453	0.000179	0.005295
-105	29.553512	0.000168	0.004919
-106	29.608641	0.000168	0.004922
-107	29.657459	0.000168	0.004921
-108	29.693481	0.000168	0.004917
-109	29.711774	0.000168	0.004909
-110	29.709619	0.000168	0.004897
-111	29.687860	0.000167	0.004881
-112	29.649801	0.000167	0.004861
-113	29.602340	0.000166	0.004838
-114	29.548462	0.000165	0.004810
-115	29.494274	0.000163	0.004752
-116	29.443836	0.000162	0.004713
-117	29.399500	0.000160	0.004673
-118	28.616217	0.000160	0.004529
-119	28.583815	0.000158	0.004484
-120	28.555265	0.000156	0.004439
-121	28.976248	0.000158	0.004549
-122	28.949801	0.000151	0.004352
-123	28.920866	0.000149	0.004302
-124	28.352996	0.000148	0.004184
-125	28.317762	0.000146	0.004135
-126	28.280223	0.000145	0.004086
-127	28.241822	0.000143	0.004039
-128	28.253982	0.000149	0.004226
-129	28.228165	0.000148	0.004189
-130	28.207345	0.000147	0.004156
-131	28.187026	0.000137	0.003881
-132	28.228282	0.000126	0.003581
-133	28.232333	0.000125	0.003554
-134	29.048439	0.000127	0.003697
-135	29.062517	0.000126	0.003670
-136	28.248176	0.000131	0.003717
-137	28.265426	0.000130	0.003694
-138	28.282929	0.000129	0.003674
-139	28.910930	0.000126	0.003668
-140	28.929190	0.000126	0.003653
-141	28.947953	0.000125	0.003640
-142	28.130172	0.000130	0.003673
-143	28.148529	0.000130	0.003664
-144	28.549237	0.000125	0.003571
-145	28.699951	0.000000	0.000000
-146	28.699951	0.000106	0.003032
-147	28.699951	0.000106	0.003029
-148	28.789432	0.000074	0.002132
-149	28.789432	0.000137	0.003933
-150	28.789432	0.000137	0.003927
-151	28.789432	0.000136	0.003921
-152	28.789374	0.000171	0.004930
-153	28.789374	0.000163	0.004675
-154	28.789374	0.000162	0.004667
-155	28.789398	0.000246	0.007077
-156	28.789400	0.000246	0.007066
-157	28.789403	0.000245	0.007056
-158	28.699982	0.000126	0.003612
-159	28.700006	0.000120	0.003451
-160	28.700105	0.000120	0.003445
-161	28.700341	0.000115	0.003286
-162	28.700883	0.000114	0.003281
-163	29.148695	0.000177	0.005151
-164	29.150073	0.000177	0.005144
-165	29.152180	0.000176	0.005137
-166	29.155791	0.000166	0.004839
-167	29.177356	0.000156	0.004535
-168	27.404717	0.000155	0.004235
-169	27.427423	0.000145	0.003959
-170	28.702492	0.000152	0.004339
-171	28.731236	0.000152	0.004332
-172	28.942644	0.000144	0.004138
-173	28.992068	0.000143	0.004122
-174	29.016592	0.000143	0.004111
-175	29.030584	0.000134	0.003859
-176	29.032415	0.000134	0.003846
-177	28.751963	0.000183	0.005200
-178	28.731531	0.000182	0.005178
-179	28.705010	0.000181	0.005155
-180	28.675022	0.000180	0.005129
-181	28.645277	0.000168	0.004792
-182	28.625227	0.000168	0.004771
-183	28.965305	0.000157	0.004526
-184	28.951452	0.000156	0.004502
-185	28.942181	0.000155	0.004479
-186	28.936538	0.000145	0.004173
-187	29.067781	0.000129	0.003729
-188	28.797436	0.000132	0.003775
-189	28.795456	0.000131	0.003747
-190	28.791788	0.000130	0.003720
-191	28.785470	0.000129	0.003696
-192	28.769678	0.000120	0.003428
-193	28.745647	0.000119	0.003402
-194	28.804913	0.000120	0.003441
-195	28.776847	0.000119	0.003422
-196	28.744704	0.000118	0.003406
-197	28.709949	0.000110	0.003169
-198	28.673833	0.000110	0.003157
-199	28.504881	0.000144	0.004116
-200	29.271234	0.000116	0.003405
-201	29.241966	0.000115	0.003399
-202	29.218647	0.000115	0.003396
-203	28.627644	0.000101	0.002921
-204	28.619792	0.000080	0.002321
-205	28.620657	0.000085	0.002465
-206	28.628200	0.000085	0.002472
-207	28.598605	0.000087	0.002511
-208	28.618562	0.000087	0.002521
-209	28.643310	0.000088	0.002533
-210	28.669188	0.000088	0.002545
-211	28.695090	0.000088	0.002557
-212	28.719789	0.000089	0.002571
-213	28.741121	0.000089	0.002584
-214	28.852152	0.000084	0.002433
-215	28.863513	0.000084	0.002443
-216	28.875415	0.000085	0.002455
-217	28.884585	0.000085	0.002468
-218	28.891873	0.000085	0.002480
-219	28.897959	0.000086	0.002492
-220	28.815460	0.000095	0.002748
-221	28.821696	0.000095	0.002761
-222	28.696863	0.000068	0.001959
-223	28.705472	0.000068	0.001965
-224	24.569486	0.000096	0.002366
-225	24.585548	0.000096	0.002375
-226	24.604842	0.000097	0.002384
-227	24.625896	0.000080	0.001963
-228	28.855850	0.000080	0.002298
-229	28.789305	0.000059	0.001699
-230	28.803989	0.000059	0.001706
-231	28.812682	0.000060	0.001712
-232	28.811888	0.000051	0.001465
-233	28.803156	0.000051	0.001472
-234	28.788858	0.000047	0.001359
-235	28.780833	0.000047	0.001363
-236	28.773247	0.000048	0.001367
-237	28.766544	0.000048	0.001372
-238	28.762415	0.000048	0.001377
-239	28.761071	0.000048	0.001382
-240	28.762680	0.000048	0.001387
-241	28.767289	0.000048	0.001391
-242	29.090239	0.000062	0.001804
-243	29.100523	0.000062	0.001809
-244	29.117945	0.000062	0.001815
-245	29.141319	0.000052	0.001513
-246	29.165871	0.000052	0.001516
-247	26.362540	0.000045	0.001166
-248	26.404225	0.000045	0.001168
-249	29.226602	0.000054	0.001550
-250	29.281043	0.000054	0.001551
-251	29.329194	0.000054	0.001550
-252	29.364607	0.000054	0.001549
-253	29.382459	0.000054	0.001547
-254	29.380099	0.000053	0.001543
-255	29.358395	0.000053	0.001538
-256	29.320637	0.000053	0.001531
-257	29.273648	0.000053	0.001524
-258	29.220365	0.000053	0.001515
-259	29.166853	0.000052	0.001497
-260	29.117037	0.000052	0.001485
-261	29.073235	0.000051	0.001472
-262	29.035493	0.000054	0.001559
-263	29.002572	0.000054	0.001544
-264	28.973592	0.000053	0.001528
-265	28.901666	0.000047	0.001356
-266	28.875288	0.000045	0.001297
-267	28.846410	0.000045	0.001282
-268	28.769787	0.000047	0.001334
-269	28.734054	0.000046	0.001319
-270	28.695991	0.000045	0.001303
-271	28.657000	0.000045	0.001288
-272	28.531551	0.000036	0.001041
-273	28.505309	0.000036	0.001032
-274	28.484254	0.000036	0.001024
-275	28.463676	0.000033	0.000956
-276	27.221740	0.000044	0.001198
-277	27.225358	0.000043	0.001189
-278	28.959973	0.000035	0.001016
-279	28.973938	0.000035	0.001008
-280	28.458608	0.000032	0.000929
-281	28.475981	0.000032	0.000924
-282	28.493616	0.000032	0.000918
-283	28.688995	0.000031	0.000902
-284	28.707122	0.000031	0.000898
-285	28.725732	0.000031	0.000895
-286	28.830503	0.000029	0.000850
-287	28.849291	0.000029	0.000848
-288	28.782858	0.000032	0.000930
-289	26.822400	0.000747	0.020029
-290	26.822400	0.000747	0.020019
-291	26.822400	0.000116	0.003128
-292	26.822400	0.000000	0.000000
-293	26.822400	0.000068	0.001834
-294	26.822400	0.000000	0.000000
-295	26.822400	0.000000	0.000000
-296	26.822737	0.000055	0.001486
-297	26.822834	0.000054	0.001458
-298	26.822400	0.000000	0.000000
-299	26.835229	0.000066	0.001765
-300	26.846077	0.000066	0.001758
-301	26.822400	0.000000	0.000000
-302	26.822400	0.000000	0.000000
-303	26.822400	0.000000	0.000000
-304	27.044897	0.000055	0.001474
-305	26.822400	0.000000	0.000000
-306	26.933626	0.000052	0.001403
-307	26.822400	0.000000	0.000000
-308	26.875562	0.000050	0.001344
-309	26.822400	0.000000	0.000000
-310	26.822400	0.000000	0.000000
-311	26.851001	0.000046	0.001228
-312	26.822400	0.000000	0.000000
-313	26.703096	0.000042	0.001134
-314	26.822400	0.000000	0.000000
-315	26.822400	0.000000	0.000000
-316	26.545333	0.000123	0.003303
-317	26.822400	0.000000	0.000000
-318	26.822400	0.000000	0.000000
-319	26.822400	0.000000	0.000000
-320	26.822400	0.000000	0.000000
-321	26.777640	0.000046	0.001235
-322	26.822400	0.000000	0.000000
-323	26.822400	0.000000	0.000000
-324	26.862895	0.000086	0.002308
-325	26.822400	0.000000	0.000000
-326	26.822400	0.000000	0.000000
-327	26.928040	0.000060	0.001608
-328	26.822400	0.000000	0.000000
-329	26.822400	0.000000	0.000000
-330	26.982844	0.000058	0.001570
-331	26.981703	0.000061	0.001635
-332	26.822400	0.000000	0.000000
-333	26.822400	0.000000	0.000000
-334	26.822400	0.000001	0.000038
-335	26.822400	0.000000	0.000000
-336	26.801096	0.000007	0.000198
-337	26.822400	0.000000	0.000000
-338	26.561064	0.000010	0.000269
-339	26.822400	0.000000	0.000000
-340	29.124652	0.000000	0.000000
-341	28.566774	0.000125	0.003565
-342	28.699951	0.000000	0.000000
-343	28.800936	0.000032	0.000928
-344	26.822400	0.000000	0.000000
-345	26.822400	0.000000	0.000000
-346	26.911432	0.000065	0.001736
