-1	29.124652	0.000000	0.000000
-2	29.124652	0.006494	0.188695
-3	29.124652	0.006463	0.187795
-4	30.026185	0.006569	0.196781
-5	30.026185	0.011448	0.343026
-6	30.026185	0.011400	0.341567
-7	30.026185	0.011351	0.340104
-8	30.139428	0.010910	0.328135
-9	30.139428	0.010284	0.309284
-10	30.139428	0.010239	0.307919
-11	30.237788	0.009328	0.281431
-12	30.237787	0.009292	0.280356
-13	30.237784	0.009257	0.279295
-14	30.506000	0.010268	0.312537
-15	30.505980	0.009994	0.304216
-16	30.505912	0.009951	0.302891
-17	30.505743	0.009680	0.294661
-18	30.505355	0.009638	0.293393
-19	30.308033	0.009017	0.272714
-20	30.307090	0.008987	0.271797
-21	30.305471	0.008956	0.270850
-22	30.302921	0.008722	0.263833
-23	30.287849	0.008467	0.256187
-24	30.730962	0.008419	0.258568
-25	30.713624	0.008196	0.251807
-26	27.285031	0.009034	0.246729
-27	27.265533	0.009012	0.246144
-28	29.004229	0.008521	0.247755
-29	28.969944	0.008490	0.246912
-30	28.952514	0.008472	0.246418
-31	28.943360	0.008284	0.241029
-32	28.943961	0.008275	0.240801
-33	27.465791	0.008115	0.224028
-34	27.484338	0.008110	0.223933
-35	27.507422	0.008108	0.223887
-36	27.532494	0.008107	0.223883
-37	27.557407	0.007948	0.219550
-38	27.573443	0.007952	0.219676
-39	29.117804	0.007638	0.222716
-40	29.130350	0.007644	0.222888
-41	29.139973	0.007650	0.223062
-42	29.147569	0.007510	0.219014
-43	29.243226	0.007698	0.225187
-44	21.468086	0.010462	0.224627
-45	21.471693	0.010478	0.224975
-46	21.473620	0.010493	0.225285
-47	21.473781	0.010506	0.225563
-48	21.468638	0.010342	0.222090
-49	21.461107	0.010363	0.222533
-50	29.141234	0.007606	0.221872
-51	29.127668	0.007619	0.222233
-52	29.112081	0.007631	0.222611
-53	29.095650	0.007515	0.219275
-54	29.079444	0.007532	0.219783
-55	29.265452	0.006938	0.203853
-56	28.985997	0.007431	0.216367
-57	28.977771	0.007451	0.216968
-58	28.973812	0.007473	0.217614
-59	29.063351	0.007752	0.226468
-60	29.068479	0.006684	0.195335
-61	29.334743	0.006566	0.193599
-62	29.346879	0.006592	0.194392
-63	28.347953	0.006839	0.194707
-64	28.364218	0.006870	0.195590
-65	28.381650	0.006903	0.196532
-66	28.398087	0.006935	0.197457
-67	28.413433	0.006968	0.198389
-68	28.427511	0.007001	0.199334
-69	28.439637	0.007033	0.200242
-70	28.866947	0.007080	0.204518
-71	28.874488	0.007105	0.205217
-72	28.883353	0.007136	0.206117
-73	28.891356	0.007167	0.207001
-74	28.898604	0.007198	0.207872
-75	28.904940	0.007227	0.208712
-76	25.739046	0.007982	0.205206
-77	25.742847	0.008012	0.205955
-78	28.011283	0.006497	0.181653
-79	28.013860	0.006514	0.182120
-80	26.379442	0.006690	0.176073
-81	26.382013	0.006710	0.176581
-82	26.384694	0.006728	0.177054
-83	26.387393	0.006446	0.169606
-84	23.394002	0.007013	0.163564
-85	22.777483	0.007748	0.175931
-86	22.776694	0.007761	0.176202
-87	22.774133	0.007772	0.176454
-88	22.765001	0.007657	0.173788
-89	22.757109	0.007665	0.173957
-90	29.202740	0.006069	0.176812
-91	29.194928	0.006072	0.176891
-92	29.187099	0.006075	0.176956
-93	29.177965	0.006077	0.177017
-94	29.168907	0.006079	0.177063
-95	29.158781	0.006080	0.177099
-96	29.147097	0.006081	0.177127
-97	29.133095	0.006082	0.177149
-98	29.192624	0.005763	0.168296
-99	29.174964	0.005763	0.168314
-100	29.153409	0.005764	0.168340
-101	29.131831	0.005675	0.165732
-102	29.114746	0.005675	0.165749
-103	29.453502	0.005579	0.164915
-104	29.445392	0.005579	0.164949
-105	29.134164	0.005235	0.153144
-106	29.143246	0.005237	0.153217
-107	29.159249	0.005240	0.153307
-108	29.179335	0.005244	0.153411
-109	29.200458	0.005247	0.153529
-110	29.219442	0.005252	0.153656
-111	29.234292	0.005256	0.153789
-112	29.244334	0.005261	0.153927
-113	29.249891	0.005265	0.154064
-114	29.252381	0.005270	0.154207
-115	29.253176	0.003472	0.101572
-116	29.253615	0.003473	0.101598
-117	29.254552	0.003474	0.101624
-118	28.514771	0.003488	0.099453
-119	28.517010	0.003489	0.099481
-120	28.519175	0.003490	0.099509
-121	28.967860	0.003559	0.103067
-122	28.968054	0.003267	0.094614
-123	28.966606	0.003268	0.094645
-124	28.426712	0.003279	0.093186
-125	28.422103	0.003280	0.093211
-126	28.416837	0.003280	0.093229
-127	28.411925	0.003281	0.093239
-128	28.457052	0.003466	0.098661
-129	28.455963	0.003466	0.098654
-130	28.456699	0.003466	0.098640
-131	28.464271	0.003114	0.088631
-132	28.518550	0.002902	0.082707
-133	28.525232	0.002900	0.082658
-134	29.347443	0.002950	0.086485
-135	29.352670	0.002948	0.086404
-136	28.516038	0.003091	0.088023
-137	28.515250	0.003088	0.087919
-138	28.511701	0.003084	0.087810
-139	29.121419	0.003025	0.087989
-140	29.114883	0.003021	0.087879
-141	29.108287	0.003018	0.087772
-142	28.264880	0.003140	0.088709
-143	28.260256	0.003137	0.088609
-144	28.636833	0.003020	0.086454
-145	28.699951	0.000000	0.000000
-146	28.699951	0.001177	0.033693
-147	28.699951	0.001171	0.033532
-148	28.789432	0.000819	0.023513
-149	28.789432	0.001427	0.040988
-150	28.789432	0.001421	0.040813
-151	28.789432	0.001415	0.040638
-152	28.789374	0.001774	0.050962
-153	28.789374	0.001672	0.048034
-154	28.789374	0.001665	0.047822
-155	28.789397	0.002515	0.072256
-156	28.789396	0.002506	0.071988
-157	28.789393	0.002497	0.071717
-158	28.699928	0.001278	0.036584
-159	28.699911	0.001244	0.035615
-160	28.699839	0.001238	0.035458
-161	28.699667	0.001204	0.034494
-162	28.699274	0.001199	0.034346
-163	29.145702	0.001850	0.053808
-164	29.144707	0.001844	0.053618
-165	29.143188	0.001837	0.053439
-166	29.140593	0.001789	0.052051
-167	29.125433	0.001737	0.050541
-168	27.326394	0.001725	0.047119
-169	27.310485	0.001680	0.045890
-170	28.545817	0.001759	0.050258
-171	28.525610	0.001755	0.050139
-172	28.681383	0.001665	0.047877
-173	28.647083	0.001659	0.047712
-174	28.630066	0.001656	0.047618
-175	28.621125	0.001619	0.046577
-176	28.621820	0.001617	0.046533
-177	28.365491	0.002213	0.063107
-178	28.384485	0.002212	0.063080
-179	28.408292	0.002211	0.063067
-180	28.434494	0.002211	0.063065
-181	28.459865	0.002168	0.061843
-182	28.476792	0.002169	0.061879
-183	28.849983	0.002044	0.059041
-184	28.862391	0.002045	0.059087
-185	28.871908	0.002047	0.059133
-186	28.879417	0.002009	0.058060
-187	29.019678	0.001799	0.052228
-188	28.756838	0.001851	0.053236
-189	28.762242	0.001854	0.053320
-190	28.765502	0.001857	0.053395
-191	28.766400	0.001859	0.053464
-192	28.762483	0.001829	0.052621
-193	28.752679	0.001833	0.052734
-194	28.828188	0.001865	0.053830
-195	28.814742	0.001868	0.053918
-196	28.799311	0.001872	0.054009
-197	28.783061	0.001843	0.053200
-198	28.767050	0.001847	0.053324
-199	28.618786	0.002434	0.069925
-200	29.409403	0.001968	0.058126
-201	29.400993	0.001973	0.058287
-202	29.396909	0.001979	0.058461
-203	28.818363	0.001742	0.050446
-204	28.823531	0.001502	0.043513
-205	28.833599	0.001598	0.046313
-206	28.845528	0.001604	0.046502
-207	28.816034	0.001634	0.047287
-208	28.832563	0.001641	0.047502
-209	28.850279	0.001649	0.047730
-210	28.867016	0.001657	0.047955
-211	28.882636	0.001665	0.048181
-212	28.896967	0.001673	0.048411
-213	28.909319	0.001680	0.048631
-214	29.012436	0.001576	0.045758
-215	29.019919	0.001582	0.045913
-216	29.028886	0.001589	0.046115
-217	29.036931	0.001596	0.046313
-218	29.044219	0.001602	0.046508
-219	29.050594	0.001609	0.046696
-220	28.967085	0.001778	0.051434
-221	28.971433	0.001784	0.051622
-222	28.840998	0.001161	0.033416
-223	28.843650	0.001164	0.033502
-224	24.674836	0.001637	0.040290
-225	24.677203	0.001641	0.040403
-226	24.679709	0.001646	0.040511
-227	24.682204	0.001577	0.038806
-228	28.902848	0.001573	0.045343
-229	28.814371	0.001164	0.033433
-230	28.813635	0.001166	0.033488
-231	28.810997	0.001168	0.033536
-232	28.801356	0.001150	0.033030
-233	28.790711	0.001152	0.033066
-234	28.776824	0.001058	0.030380
-235	28.769129	0.001059	0.030394
-236	28.761245	0.001059	0.030405
-237	28.752355	0.001060	0.030415
-238	28.743423	0.001060	0.030423
-239	28.733412	0.001060	0.030430
-240	28.721865	0.001060	0.030434
-241	28.708026	0.001060	0.030438
-242	29.002226	0.001355	0.039316
-243	28.985352	0.001355	0.039320
-244	28.963595	0.001355	0.039327
-245	28.942165	0.001334	0.038717
-246	28.925427	0.001335	0.038721
-247	26.078594	0.001389	0.036369
-248	26.072297	0.001390	0.036377
-249	28.811379	0.001668	0.048251
-250	28.820434	0.001669	0.048274
-251	28.836313	0.001670	0.048302
-252	28.856183	0.001671	0.048335
-253	28.877051	0.001672	0.048373
-254	28.895778	0.001673	0.048413
-255	28.910409	0.001675	0.048454
-256	28.920290	0.001676	0.048498
-257	28.925752	0.001678	0.048541
-258	28.928195	0.001679	0.048586
-259	28.928977	0.001106	0.032002
-260	28.929416	0.001107	0.032010
-261	28.930352	0.001107	0.032019
-262	28.932063	0.001183	0.034227
-263	28.934336	0.001184	0.034237
-264	28.936542	0.001184	0.034246
-265	28.893372	0.001064	0.030726
-266	28.893562	0.000977	0.028206
-267	28.892112	0.000977	0.028215
-268	28.844136	0.001030	0.029711
-269	28.839468	0.001031	0.029719
-270	28.834122	0.001031	0.029725
-271	28.829114	0.001031	0.029729
-272	28.736332	0.000846	0.024308
-273	28.735221	0.000846	0.024306
-274	28.735954	0.000846	0.024303
-275	28.743469	0.000760	0.021837
-276	27.501658	0.001007	0.027680
-277	27.507772	0.001007	0.027664
-278	29.257996	0.000813	0.023765
-279	29.263164	0.000812	0.023744
-280	28.728596	0.000767	0.022006
-281	28.727823	0.000766	0.021980
-282	28.724261	0.000765	0.021953
-283	28.897679	0.000750	0.021636
-284	28.891192	0.000749	0.021609
-285	28.884656	0.000748	0.021583
-286	28.969063	0.000709	0.020535
-287	28.964295	0.000708	0.020512
-288	28.871500	0.000780	0.022513
-289	26.822400	0.008350	0.223450
-290	26.822400	0.008326	0.222824
-291	26.822400	0.002125	0.056791
-292	26.822400	0.000000	0.000000
-293	26.822400	0.000752	0.020141
-294	26.822400	0.000000	0.000000
-295	26.822400	0.000000	0.000000
-296	26.822157	0.000301	0.008045
-297	26.822084	0.000288	0.007696
-298	26.822400	0.000000	0.000000
-299	26.813203	0.000271	0.007182
-300	26.805543	0.000265	0.007023
-301	26.822400	0.000000	0.000000
-302	26.822400	0.000000	0.000000
-303	26.822400	0.000000	0.000000
-304	26.668503	0.000221	0.005847
-305	26.822400	0.000000	0.000000
-306	26.769435	0.000210	0.005562
-307	26.822400	0.000000	0.000000
-308	26.823920	0.000201	0.005321
-309	26.822400	0.000000	0.000000
-310	26.822400	0.000000	0.000000
-311	26.840951	0.000185	0.004907
-312	26.822400	0.000000	0.000000
-313	26.773269	0.000174	0.004623
-314	26.822400	0.000000	0.000000
-315	26.822400	0.000000	0.000000
-316	26.738788	0.001454	0.038972
-317	26.822400	0.000000	0.000000
-318	26.822400	0.000000	0.000000
-319	26.822400	0.000000	0.000000
-320	26.822400	0.000000	0.000000
-321	26.912237	0.001616	0.043493
-322	26.822400	0.000000	0.000000
-323	26.822400	0.000000	0.000000
-324	26.925893	0.000361	0.009690
-325	26.822400	0.000000	0.000000
-326	26.822400	0.000000	0.000000
-327	26.918433	0.000132	0.003570
-328	26.822400	0.000000	0.000000
-329	26.822400	0.000000	0.000000
-330	26.731431	0.000120	0.003229
-331	26.743786	0.000122	0.003296
-332	26.822400	0.000000	0.000000
-333	26.822400	0.000000	0.000000
-334	26.827791	0.002587	0.069476
-335	26.822400	0.000000	0.000000
-336	26.834708	0.000410	0.011005
-337	26.822400	0.000000	0.000000
-338	26.819472	0.000463	0.012406
-339	26.822400	0.000000	0.000000
-340	29.124652	0.000000	0.000000
-341	28.636253	0.003016	0.086344
-342	28.699951	0.000000	0.000000
-343	28.870913	0.000779	0.022484
-344	26.822400	0.000000	0.000000
-345	26.822400	0.000000	0.000000
-346	26.760244	0.000257	0.006815
