-1	29.124652	0.000000	0.000000
-2	29.124652	0.000914	0.026656
-3	29.124652	0.000916	0.026702
-4	30.026185	0.000937	0.028158
-5	30.026185	0.001617	0.048599
-6	30.026185	0.001621	0.048716
-7	30.026185	0.001624	0.048833
-8	30.139428	0.001572	0.047432
-9	30.139428	0.001492	0.045037
-10	30.139428	0.001496	0.045146
-11	30.237789	0.001375	0.041631
-12	30.237791	0.001378	0.041718
-13	30.237794	0.001381	0.041803
-14	30.506051	0.001544	0.047167
-15	30.506083	0.001520	0.046438
-16	30.506190	0.001524	0.046554
-17	30.506457	0.001502	0.045894
-18	30.507072	0.001506	0.046015
-19	30.311355	0.001418	0.043029
-20	30.312848	0.001421	0.043116
-21	30.315409	0.001424	0.043206
-22	30.319442	0.001330	0.040352
-23	30.343209	0.001239	0.037599
-24	30.819264	0.001239	0.038174
-25	30.846044	0.001146	0.035290
-26	27.444861	0.001269	0.034735
-27	27.473812	0.001271	0.034798
-28	29.279127	0.001206	0.035153
-29	29.324746	0.001208	0.035198
-30	29.345176	0.001209	0.035203
-31	29.352851	0.001118	0.032544
-32	29.347028	0.001117	0.032503
-33	27.819052	0.001094	0.030195
-34	27.792146	0.001092	0.030108
-35	27.761344	0.001088	0.030003
-36	27.729754	0.001084	0.029878
-37	27.699896	0.000995	0.027418
-38	27.681461	0.000991	0.027312
-39	29.199238	0.000947	0.027544
-40	29.186645	0.000943	0.027410
-41	29.178058	0.000938	0.027277
-42	29.172209	0.000858	0.024951
-43	29.257472	0.000874	0.025498
-44	21.469857	0.001178	0.025216
-45	21.466505	0.001170	0.025052
-46	21.463126	0.001163	0.024902
-47	21.459702	0.001157	0.024764
-48	21.454138	0.001054	0.022557
-49	21.449892	0.001047	0.022405
-50	29.132097	0.000763	0.022195
-51	29.128288	0.000759	0.022075
-52	29.125172	0.000755	0.021954
-53	29.122965	0.000688	0.019996
-54	29.121809	0.000684	0.019885
-55	29.322837	0.000625	0.018295
-56	29.056092	0.000664	0.019255
-57	29.058524	0.000660	0.019145
-58	29.062094	0.000656	0.019033
-59	29.155784	0.000675	0.019635
-60	29.161100	0.000349	0.010169
-61	29.424246	0.000340	0.009979
-62	29.429897	0.000338	0.009928
-63	28.418534	0.000347	0.009843
-64	28.423658	0.000345	0.009789
-65	28.428208	0.000343	0.009731
-66	28.431655	0.000341	0.009673
-67	28.434000	0.000339	0.009615
-68	28.435171	0.000337	0.009555
-69	28.435137	0.000335	0.009497
-70	28.846964	0.000333	0.009569
-71	28.844890	0.000331	0.009522
-72	28.840579	0.000329	0.009460
-73	28.834385	0.000327	0.009398
-74	28.825882	0.000325	0.009335
-75	28.815000	0.000323	0.009273
-76	25.637132	0.000352	0.008996
-77	25.622778	0.000349	0.008938
-78	27.857999	0.000299	0.008326
-79	27.840579	0.000297	0.008279
-80	26.190072	0.000302	0.007916
-81	26.169902	0.000300	0.007863
-82	26.152189	0.000298	0.007812
-83	26.137825	0.000260	0.006823
-84	23.160417	0.000281	0.006531
-85	22.543355	0.000308	0.006976
-86	22.540402	0.000307	0.006951
-87	22.538994	0.000306	0.006925
-88	22.540888	0.000261	0.005918
-89	22.544397	0.000260	0.005889
-90	28.949409	0.000205	0.005951
-91	28.956500	0.000204	0.005932
-92	28.965333	0.000203	0.005913
-93	28.977865	0.000203	0.005892
-94	28.991651	0.000202	0.005873
-95	29.006909	0.000201	0.005854
-96	29.022581	0.000201	0.005836
-97	29.038271	0.000200	0.005819
-98	29.133421	0.000189	0.005510
-99	29.147679	0.000188	0.005497
-100	29.164132	0.000188	0.005482
-101	29.181563	0.000156	0.004556
-102	29.197439	0.000156	0.004544
-103	29.580480	0.000125	0.003673
-104	29.603910	0.000124	0.003658
-105	29.315451	0.000116	0.003381
-106	29.338848	0.000115	0.003366
-107	29.358351	0.000115	0.003351
-108	29.371108	0.000114	0.003336
-109	29.374684	0.000114	0.003320
-110	29.367671	0.000113	0.003304
-111	29.350438	0.000113	0.003289
-112	29.324856	0.000112	0.003273
-113	29.295214	0.000112	0.003258
-114	29.263793	0.000111	0.003244
-115	29.234950	0.000100	0.002918
-116	29.211650	0.000100	0.002908
-117	29.195352	0.000099	0.002900
-118	28.445871	0.000099	0.002830
-119	28.441712	0.000099	0.002825
-120	28.440388	0.000099	0.002821
-121	28.885226	0.000101	0.002918
-122	28.881902	0.000095	0.002752
-123	28.874182	0.000095	0.002752
-124	28.325739	0.000095	0.002710
-125	28.306391	0.000095	0.002712
-126	28.282331	0.000096	0.002717
-127	28.255606	0.000096	0.002723
-128	28.278066	0.000101	0.002891
-129	28.259902	0.000102	0.002900
-130	28.246146	0.000102	0.002910
-131	28.238594	0.000097	0.002757
-132	28.290571	0.000091	0.002601
-133	28.301151	0.000092	0.002619
-134	29.124831	0.000094	0.002762
-135	29.144634	0.000095	0.002788
-136	28.332701	0.000100	0.002873
-137	28.353961	0.000101	0.002904
-138	28.374797	0.000103	0.002937
-139	29.007161	0.000102	0.002980
-140	29.026084	0.000103	0.003016
-141	29.042659	0.000104	0.003054
-142	28.217511	0.000110	0.003124
-143	28.225943	0.000111	0.003167
-144	28.607383	0.000109	0.003156
-145	28.699951	0.000000	0.000000
-146	28.699951	0.000166	0.004760
-147	28.699951	0.000166	0.004768
-148	28.789432	0.000117	0.003365
-149	28.789432	0.000202	0.005809
-150	28.789432	0.000202	0.005823
-151	28.789432	0.000202	0.005837
-152	28.789374	0.000256	0.007369
-153	28.789374	0.000243	0.006997
-154	28.789374	0.000243	0.007014
-155	28.789399	0.000371	0.010694
-156	28.789400	0.000372	0.010715
-157	28.789404	0.000373	0.010737
-158	28.699987	0.000192	0.005524
-159	28.700014	0.000189	0.005438
-160	28.700128	0.000190	0.005452
-161	28.700401	0.000187	0.005375
-162	28.701022	0.000188	0.005389
-163	29.148951	0.000291	0.008491
-164	29.150526	0.000292	0.008509
-165	29.152929	0.000292	0.008526
-166	29.157033	0.000273	0.007963
-167	29.180933	0.000254	0.007420
-168	27.409767	0.000254	0.006961
-169	27.434287	0.000235	0.006435
-170	28.711046	0.000247	0.007074
-171	28.741088	0.000247	0.007087
-172	28.953041	0.000236	0.006793
-173	28.998613	0.000236	0.006802
-174	29.018547	0.000236	0.006803
-175	29.025978	0.000218	0.006289
-176	29.020097	0.000218	0.006281
-177	28.731846	0.000299	0.008506
-178	28.704200	0.000298	0.008482
-179	28.672371	0.000297	0.008453
-180	28.639317	0.000296	0.008417
-181	28.608857	0.000271	0.007725
-182	28.589377	0.000270	0.007695
-183	28.930442	0.000253	0.007301
-184	28.917998	0.000252	0.007266
-185	28.909515	0.000251	0.007231
-186	28.903739	0.000230	0.006614
-187	29.033751	0.000204	0.005914
-188	28.761839	0.000209	0.005989
-189	28.757462	0.000208	0.005950
-190	28.752953	0.000206	0.005914
-191	28.748291	0.000205	0.005880
-192	28.741562	0.000187	0.005361
-193	28.735340	0.000186	0.005322
-194	28.819255	0.000187	0.005384
-195	28.815492	0.000186	0.005355
-196	28.812420	0.000185	0.005326
-197	28.810249	0.000169	0.004851
-198	28.809118	0.000168	0.004824
-199	28.675194	0.000219	0.006274
-200	29.480363	0.000176	0.005174
-201	29.482814	0.000175	0.005144
-202	29.486423	0.000174	0.005114
-203	28.910018	0.000152	0.004374
-204	28.915330	0.000079	0.002265
-205	28.921442	0.000083	0.002387
-206	28.926980	0.000082	0.002375
-207	28.887967	0.000083	0.002391
-208	28.893187	0.000083	0.002378
-209	28.897827	0.000082	0.002364
-210	28.901350	0.000082	0.002350
-211	28.903754	0.000081	0.002336
-212	28.904965	0.000081	0.002321
-213	28.904950	0.000080	0.002307
-214	28.992351	0.000074	0.002141
-215	28.990307	0.000074	0.002131
-216	28.985963	0.000073	0.002117
-217	28.979751	0.000073	0.002103
-218	28.971218	0.000072	0.002089
-219	28.960289	0.000072	0.002075
-220	28.855048	0.000078	0.002258
-221	28.839119	0.000078	0.002243
-222	28.683871	0.000053	0.001532
-223	28.666046	0.000053	0.001523
-224	24.495927	0.000074	0.001810
-225	24.477516	0.000073	0.001798
-226	24.461169	0.000073	0.001786
-227	24.447969	0.000064	0.001560
-228	28.616115	0.000063	0.001813
-229	28.518879	0.000046	0.001328
-230	28.514592	0.000046	0.001323
-231	28.512448	0.000046	0.001318
-232	28.513305	0.000039	0.001127
-233	28.517671	0.000039	0.001121
-234	28.527346	0.000036	0.001022
-235	28.534339	0.000036	0.001019
-236	28.543287	0.000035	0.001016
-237	28.555510	0.000035	0.001012
-238	28.569104	0.000035	0.001009
-239	28.584158	0.000035	0.001006
-240	28.599602	0.000035	0.001003
-241	28.615062	0.000035	0.001000
-242	28.944235	0.000044	0.001287
-243	28.957874	0.000044	0.001284
-244	28.974487	0.000044	0.001281
-245	28.991819	0.000037	0.001064
-246	29.007335	0.000037	0.001061
-247	26.195293	0.000031	0.000809
-248	26.215248	0.000031	0.000806
-249	28.990816	0.000037	0.001065
-250	29.013907	0.000037	0.001060
-251	29.033126	0.000037	0.001056
-252	29.045636	0.000036	0.001051
-253	29.049052	0.000036	0.001046
-254	29.042000	0.000036	0.001041
-255	29.024865	0.000036	0.001036
-256	28.999515	0.000036	0.001031
-257	28.970190	0.000036	0.001026
-258	28.939147	0.000035	0.001022
-259	28.910700	0.000032	0.000919
-260	28.887732	0.000032	0.000916
-261	28.871679	0.000032	0.000914
-262	28.862247	0.000034	0.000974
-263	28.857987	0.000034	0.000972
-264	28.856642	0.000034	0.000971
-265	28.810940	0.000030	0.000870
-266	28.807616	0.000028	0.000820
-267	28.799898	0.000028	0.000820
-268	28.741895	0.000030	0.000864
-269	28.722324	0.000030	0.000865
-270	28.697959	0.000030	0.000866
-271	28.670834	0.000030	0.000868
-272	28.555782	0.000025	0.000712
-273	28.537317	0.000025	0.000714
-274	28.523398	0.000025	0.000717
-275	28.515594	0.000024	0.000679
-276	27.282218	0.000032	0.000871
-277	27.291803	0.000032	0.000877
-278	29.036186	0.000026	0.000759
-279	29.055819	0.000026	0.000766
-280	28.543734	0.000025	0.000718
-281	28.565150	0.000025	0.000726
-282	28.586151	0.000025	0.000734
-283	28.784493	0.000025	0.000733
-284	28.803256	0.000026	0.000742
-285	28.819667	0.000026	0.000751
-286	28.920210	0.000025	0.000723
-287	28.928975	0.000025	0.000733
-288	28.841876	0.000028	0.000821
-289	26.822400	0.001168	0.031361
-290	26.822400	0.001169	0.031394
-291	26.822400	0.000321	0.008600
-292	26.822400	0.000000	0.000000
-293	26.822400	0.000108	0.002898
-294	26.822400	0.000000	0.000000
-295	26.822400	0.000000	0.000000
-296	26.822785	0.000034	0.000904
-297	26.822899	0.000032	0.000868
-298	26.822400	0.000000	0.000000
-299	26.836946	0.000131	0.003526
-300	26.849018	0.000131	0.003514
-301	26.822400	0.000000	0.000000
-302	26.822400	0.000000	0.000000
-303	26.822400	0.000000	0.000000
-304	27.036541	0.000117	0.003144
-305	26.822400	0.000000	0.000000
-306	26.899640	0.000111	0.002959
-307	26.822400	0.000000	0.000000
-308	26.844909	0.000104	0.002771
-309	26.822400	0.000000	0.000000
-310	26.822400	0.000000	0.000000
-311	26.821175	0.000093	0.002478
-312	26.822400	0.000000	0.000000
-313	26.800165	0.000085	0.002281
-314	26.822400	0.000000	0.000000
-315	26.822400	0.000000	0.000000
-316	26.819349	0.000425	0.011359
-317	26.822400	0.000000	0.000000
-318	26.822400	0.000000	0.000000
-319	26.822400	0.000000	0.000000
-320	26.822400	0.000000	0.000000
-321	26.765944	0.000047	0.001246
-322	26.822400	0.000000	0.000000
-323	26.822400	0.000000	0.000000
-324	26.671343	0.000043	0.001155
-325	26.822400	0.000000	0.000000
-326	26.822400	0.000000	0.000000
-327	26.647510	0.000043	0.001147
-328	26.822400	0.000000	0.000000
-329	26.822400	0.000000	0.000000
-330	26.828237	0.000041	0.001100
-331	26.823878	0.000042	0.001127
-332	26.822400	0.000000	0.000000
-333	26.822400	0.000000	0.000000
-334	26.802907	0.000015	0.000410
-335	26.822400	0.000000	0.000000
-336	26.749834	0.000008	0.000214
-337	26.822400	0.000000	0.000000
-338	26.607477	0.000008	0.000221
-339	26.822400	0.000000	0.000000
-340	29.124652	0.000000	0.000000
-341	28.602929	0.000112	0.003221
-342	28.699951	0.000000	0.000000
-343	28.837274	0.000029	0.000839
-344	26.822400	0.000000	0.000000
-345	26.822400	0.000000	0.000000
-346	26.918709	0.000131	0.003520
