-1	29.124652	0.000000	0.000000
-2	29.124652	0.007281	0.212005
-3	29.124652	0.007277	0.211885
-4	30.026185	0.007427	0.222941
-5	30.026185	0.012942	0.388390
-6	30.026185	0.012928	0.387947
-7	30.026185	0.012913	0.387502
-8	30.139428	0.012451	0.375053
-9	30.139428	0.011313	0.340644
-10	30.139428	0.011291	0.339978
-11	30.237788	0.010319	0.311732
-12	30.237789	0.010302	0.311207
-13	30.237789	0.010285	0.310689
-14	30.506024	0.011442	0.348723
-15	30.506029	0.011023	0.335944
-16	30.506045	0.011001	0.335269
-17	30.506083	0.010597	0.322930
-18	30.506171	0.010575	0.322257
-19	30.309609	0.009912	0.300123
-20	30.309818	0.009896	0.299637
-21	30.310172	0.009880	0.299134
-22	30.310721	0.009205	0.278699
-23	30.313586	0.008513	0.257713
-24	30.771841	0.008473	0.260386
-25	30.774641	0.007800	0.239669
-26	27.358377	0.008600	0.234907
-27	27.360673	0.008582	0.234409
-28	29.129144	0.008115	0.235984
-29	29.127906	0.008087	0.235187
-30	29.124440	0.008069	0.234690
-31	29.118182	0.007467	0.217180
-32	29.109497	0.007453	0.216773
-33	27.601860	0.007301	0.201456
-34	27.591569	0.007289	0.201144
-35	27.582728	0.007278	0.200875
-36	27.576400	0.007269	0.200641
-37	27.573673	0.006715	0.185356
-38	27.573921	0.006710	0.185227
-39	29.105591	0.006436	0.187535
-40	29.110350	0.006432	0.187433
-41	29.115753	0.006429	0.187352
-42	29.120881	0.005935	0.172970
-43	29.214381	0.006075	0.177572
-44	21.444070	0.008239	0.176773
-45	21.444384	0.008237	0.176735
-46	21.443275	0.008236	0.176713
-47	21.441217	0.008235	0.176703
-48	21.436100	0.007628	0.163693
-49	21.431114	0.007629	0.163723
-50	29.104957	0.005593	0.163030
-51	29.098194	0.005594	0.163081
-52	29.090804	0.005596	0.163150
-53	29.083014	0.005175	0.150881
-54	29.074983	0.005178	0.150989
-55	29.267720	0.004762	0.139822
-56	28.992762	0.005093	0.148164
-57	28.986279	0.005098	0.148336
-58	28.981061	0.005105	0.148533
-59	29.066621	0.005287	0.154331
-60	29.064780	0.003616	0.105573
-61	29.321130	0.003544	0.104369
-62	29.323023	0.003550	0.104562
-63	28.313374	0.003674	0.104480
-64	28.318533	0.003682	0.104715
-65	28.325237	0.003691	0.104977
-66	28.332641	0.003700	0.105244
-67	28.340600	0.003710	0.105523
-68	28.348885	0.003720	0.105815
-69	28.356807	0.003730	0.106104
-70	28.779178	0.003747	0.108140
-71	28.784925	0.003755	0.108375
-72	28.792094	0.003766	0.108685
-73	28.799050	0.003776	0.108995
-74	28.806062	0.003787	0.109306
-75	28.813202	0.003798	0.109611
-76	25.660096	0.004188	0.107610
-77	25.667117	0.004199	0.107885
-78	27.933897	0.003811	0.106438
-79	27.941369	0.003814	0.106496
-80	26.317667	0.003905	0.102668
-81	26.325269	0.003906	0.102696
-82	26.331475	0.003907	0.102697
-83	26.336128	0.003632	0.095437
-84	23.349573	0.003936	0.091675
-85	22.735661	0.004332	0.098214
-86	22.736948	0.004325	0.098045
-87	22.738221	0.004317	0.097839
-88	22.740260	0.003587	0.081257
-89	22.741364	0.003573	0.080920
-90	29.194598	0.002813	0.081795
-91	29.194408	0.002804	0.081523
-92	29.193588	0.002795	0.081236
-93	29.191763	0.002783	0.080878
-94	29.189345	0.002771	0.080514
-95	29.186487	0.002757	0.080122
-96	29.183647	0.002744	0.079716
-97	29.181168	0.002730	0.079297
-98	29.257564	0.002571	0.074872
-99	29.256502	0.002558	0.074486
-100	29.255955	0.002543	0.074041
-101	29.255806	0.002119	0.061661
-102	29.255759	0.002106	0.061292
-103	29.613503	0.001682	0.049519
-104	29.612346	0.001668	0.049080
-105	29.296744	0.001549	0.045115
-106	29.293802	0.001535	0.044674
-107	29.290241	0.001519	0.044223
-108	29.286440	0.001504	0.043764
-109	29.282764	0.001488	0.043293
-110	29.279581	0.001472	0.042815
-111	29.277070	0.001455	0.042331
-112	29.275225	0.001439	0.041838
-113	29.273935	0.001422	0.041354
-114	29.272898	0.001405	0.040852
-115	29.271842	0.000867	0.025187
-116	29.270449	0.000855	0.024834
-117	29.268398	0.000843	0.024480
-118	28.523397	0.000833	0.023591
-119	28.518790	0.000821	0.023232
-120	28.512257	0.000808	0.022874
-121	28.950467	0.000811	0.023319
-122	28.938982	0.000722	0.020740
-123	28.923912	0.000710	0.020400
-124	28.369264	0.000700	0.019739
-125	28.347013	0.000688	0.019402
-126	28.321892	0.000677	0.019070
-127	28.294646	0.000665	0.018740
-128	28.315418	0.000690	0.019491
-129	28.294109	0.000681	0.019227
-130	28.274910	0.000672	0.018979
-131	28.246265	0.000573	0.016174
-132	28.271776	0.000522	0.014765
-133	28.261985	0.000514	0.014548
-134	29.063322	0.000516	0.015026
-135	29.056039	0.000508	0.014788
-136	28.218529	0.000525	0.014841
-137	28.210616	0.000517	0.014613
-138	28.201272	0.000509	0.014398
-139	28.799234	0.000493	0.014246
-140	28.788346	0.000486	0.014059
-141	28.778669	0.000480	0.013885
-142	27.943641	0.000495	0.013906
-143	27.940702	0.000489	0.013752
-144	28.321325	0.000465	0.013256
-145	28.699951	0.000000	0.000000
-146	28.699951	0.001319	0.037858
-147	28.699951	0.001319	0.037836
-148	28.789432	0.000926	0.026643
-149	28.789432	0.001613	0.046414
-150	28.789432	0.001611	0.046361
-151	28.789432	0.001609	0.046308
-152	28.789374	0.002025	0.058258
-153	28.789374	0.001840	0.052911
-154	28.789374	0.001836	0.052807
-155	28.789398	0.002783	0.080049
-156	28.789398	0.002779	0.079919
-157	28.789398	0.002774	0.079786
-158	28.699956	0.001424	0.040828
-159	28.699960	0.001372	0.039334
-160	28.699977	0.001369	0.039254
-161	28.700016	0.001319	0.037809
-162	28.700104	0.001316	0.037730
-163	29.147243	0.002034	0.059218
-164	29.147463	0.002030	0.059118
-165	29.147795	0.002027	0.059022
-166	29.148354	0.001889	0.054988
-167	29.151198	0.001746	0.050845
-168	27.364947	0.001737	0.047456
-169	27.367459	0.001598	0.043680
-170	28.621664	0.001674	0.047849
-171	28.624077	0.001671	0.047748
-172	28.804829	0.001586	0.045603
-173	28.803486	0.001580	0.045446
-174	28.800108	0.001577	0.045351
-175	28.793891	0.001459	0.041968
-176	28.785295	0.001456	0.041889
-177	28.506972	0.001991	0.056751
-178	28.496298	0.001988	0.056663
-179	28.487078	0.001985	0.056587
-180	28.480394	0.001983	0.056520
-181	28.477472	0.001832	0.052215
-182	28.477694	0.001830	0.052178
-183	28.837813	0.001722	0.049714
-184	28.842536	0.001721	0.049687
-185	28.847888	0.001720	0.049666
-186	28.852957	0.001588	0.045853
-187	28.991036	0.001420	0.041184
-188	28.725859	0.001458	0.041915
-189	28.726888	0.001458	0.041905
-190	28.725789	0.001458	0.041899
-191	28.723237	0.001458	0.041896
-192	28.717722	0.001350	0.038809
-193	28.710811	0.001350	0.038815
-194	28.792374	0.001372	0.039553
-195	28.785675	0.001372	0.039566
-196	28.778360	0.001372	0.039583
-197	28.770651	0.001269	0.036606
-198	28.762709	0.001270	0.036632
-199	28.621103	0.001670	0.047959
-200	29.416241	0.001348	0.039805
-201	29.409644	0.001350	0.039851
-202	29.404325	0.001352	0.039904
-203	28.821573	0.001188	0.034377
-204	28.819758	0.000812	0.023517
-205	28.820021	0.000862	0.024966
-206	28.821899	0.000864	0.025012
-207	28.781069	0.000878	0.025375
-208	28.786294	0.000880	0.025432
-209	28.793088	0.000882	0.025496
-210	28.800610	0.000884	0.025561
-211	28.808695	0.000886	0.025628
-212	28.817115	0.000889	0.025699
-213	28.825175	0.000891	0.025769
-214	28.924224	0.000834	0.024195
-215	28.929925	0.000836	0.024247
-216	28.937172	0.000838	0.024317
-217	28.944162	0.000841	0.024386
-218	28.951206	0.000843	0.024456
-219	28.958385	0.000845	0.024524
-220	28.877744	0.000933	0.026976
-221	28.885597	0.000935	0.027045
-222	28.761148	0.000681	0.019581
-223	28.768806	0.000681	0.019592
-224	24.617436	0.000955	0.023488
-225	24.624347	0.000955	0.023493
-226	24.630051	0.000956	0.023493
-227	24.634313	0.000888	0.021831
-228	28.847679	0.000884	0.025434
-229	28.760704	0.000651	0.018681
-230	28.762455	0.000650	0.018648
-231	28.764015	0.000649	0.018611
-232	28.766601	0.000540	0.015468
-233	28.768208	0.000537	0.015399
-234	28.768875	0.000491	0.014054
-235	28.768685	0.000489	0.014007
-236	28.767838	0.000487	0.013956
-237	28.766051	0.000485	0.013896
-238	28.763664	0.000483	0.013833
-239	28.760845	0.000481	0.013766
-240	28.758052	0.000478	0.013696
-241	28.755619	0.000476	0.013624
-242	29.067179	0.000604	0.017489
-243	29.066155	0.000601	0.017402
-244	29.065605	0.000598	0.017296
-245	29.065457	0.000498	0.014404
-246	29.065412	0.000495	0.014319
-247	26.220832	0.000418	0.010904
-248	26.219788	0.000415	0.010811
-249	28.972024	0.000494	0.014213
-250	28.969108	0.000489	0.014074
-251	28.965583	0.000484	0.013932
-252	28.961826	0.000479	0.013787
-253	28.958196	0.000474	0.013639
-254	28.955056	0.000469	0.013488
-255	28.952580	0.000464	0.013335
-256	28.950762	0.000458	0.013180
-257	28.949489	0.000453	0.013028
-258	28.948463	0.000448	0.012869
-259	28.947416	0.000276	0.007934
-260	28.946031	0.000272	0.007823
-261	28.943989	0.000268	0.007712
-262	28.940914	0.000283	0.008121
-263	28.936269	0.000278	0.007997
-264	28.929681	0.000274	0.007874
-265	28.875991	0.000243	0.006952
-266	28.864531	0.000216	0.006183
-267	28.849485	0.000212	0.006081
-268	28.786103	0.000220	0.006295
-269	28.763558	0.000216	0.006188
-270	28.738109	0.000213	0.006082
-271	28.710475	0.000209	0.005977
-272	28.593547	0.000168	0.004803
-273	28.571892	0.000166	0.004737
-274	28.552491	0.000164	0.004676
-275	28.523742	0.000140	0.003986
-276	27.262687	0.000181	0.004937
-277	27.253719	0.000179	0.004868
-278	28.974625	0.000142	0.004129
-279	28.967408	0.000140	0.004063
-280	28.428919	0.000130	0.003711
-281	28.420959	0.000128	0.003654
-282	28.411553	0.000126	0.003600
-283	28.577938	0.000122	0.003503
-284	28.567141	0.000120	0.003457
-285	28.557565	0.000119	0.003414
-286	28.639797	0.000112	0.003220
-287	28.636657	0.000110	0.003184
-288	28.553193	0.000120	0.003453
-289	26.822400	0.009323	0.250005
-290	26.822400	0.009320	0.249921
-291	26.822400	0.002403	0.064558
-292	26.822400	0.000000	0.000000
-293	26.822400	0.001458	0.039251
-294	26.822400	0.000000	0.000000
-295	26.822400	0.000000	0.000000
-296	26.822454	0.000511	0.013695
-297	26.822472	0.000486	0.013025
-298	26.822400	0.000000	0.000000
-299	26.824355	0.000890	0.023865
-300	26.825829	0.000889	0.023837
-301	26.822400	0.000000	0.000000
-302	26.822400	0.000000	0.000000
-303	26.822400	0.000000	0.000000
-304	26.821860	0.000759	0.020345
-305	26.822400	0.000000	0.000000
-306	26.781737	0.000721	0.019327
-307	26.822400	0.000000	0.000000
-308	26.799002	0.000675	0.018113
-309	26.822400	0.000000	0.000000
-310	26.822400	0.000000	0.000000
-311	26.798899	0.000601	0.016112
-312	26.822400	0.000000	0.000000
-313	26.762579	0.000572	0.015355
-314	26.822400	0.000000	0.000000
-315	26.822400	0.000000	0.000000
-316	26.727484	0.002236	0.060042
-317	26.822400	0.000000	0.000000
-318	26.822400	0.000000	0.000000
-319	26.822400	0.000000	0.000000
-320	26.822400	0.000000	0.000000
-321	26.837646	0.000341	0.009264
-322	26.822400	0.000000	0.000000
-323	26.822400	0.000000	0.000000
-324	26.873573	0.000330	0.008886
-325	26.822400	0.000000	0.000000
-326	26.822400	0.000000	0.000000
-327	26.884479	0.000716	0.019210
-328	26.822400	0.000000	0.000000
-329	26.822400	0.000000	0.000000
-330	26.870904	0.000543	0.014533
-331	26.870301	0.000547	0.014654
-332	26.822400	0.000000	0.000000
-333	26.822400	0.000000	0.000000
-334	26.843977	0.000743	0.019841
-335	26.822400	0.000000	0.000000
-336	26.799033	0.000107	0.002863
-337	26.822400	0.000000	0.000000
-338	26.619969	0.000110	0.002936
-339	26.822400	0.000000	0.000000
-340	29.124652	0.000000	0.000000
-341	28.332940	0.000459	0.013101
-342	28.699951	0.000000	0.000000
-343	28.565187	0.000119	0.003411
-344	26.822400	0.000000	0.000000
-345	26.822400	0.000000	0.000000
-346	26.832252	0.000886	0.023771
