-1	29.124652	0.000000	0.000000
-2	29.124652	0.006101	0.177428
-3	29.124652	0.006082	0.176856
-4	30.026185	0.006191	0.185600
-5	30.026185	0.009987	0.299481
-6	30.026185	0.009960	0.298667
-7	30.026185	0.009933	0.297850
-8	30.139428	0.009563	0.287820
-9	30.139428	0.008001	0.240892
-10	30.139428	0.007984	0.240390
-11	30.237788	0.007296	0.220380
-12	30.237787	0.007283	0.219984
-13	30.237786	0.007270	0.219593
-14	30.506011	0.008087	0.246437
-15	30.506002	0.007705	0.234825
-16	30.505972	0.007690	0.234365
-17	30.505897	0.007330	0.223407
-18	30.505724	0.007317	0.222995
-19	30.308748	0.006860	0.207721
-20	30.308330	0.006850	0.207423
-21	30.307614	0.006840	0.207116
-22	30.306487	0.006336	0.191869
-23	30.299913	0.005824	0.176357
-24	30.750315	0.005800	0.178286
-25	30.742898	0.005300	0.162908
-26	27.320721	0.005847	0.159786
-27	27.312666	0.005839	0.159570
-28	29.067471	0.005526	0.160771
-29	29.055406	0.005516	0.160497
-30	29.050559	0.005510	0.160354
-31	29.050095	0.005092	0.148191
-32	29.054515	0.005089	0.148140
-33	27.569150	0.004994	0.137906
-34	27.581633	0.004994	0.137930
-35	27.595479	0.004996	0.137983
-36	27.609191	0.004998	0.138061
-37	27.621315	0.004625	0.127761
-38	27.628207	0.004628	0.127840
-39	29.165390	0.004445	0.129611
-40	29.168276	0.004449	0.129708
-41	29.169153	0.004452	0.129803
-42	29.168686	0.004120	0.120134
-43	29.256781	0.004221	0.123454
-44	21.470426	0.005733	0.123055
-45	21.467120	0.005738	0.123162
-46	21.463098	0.005742	0.123261
-47	21.458405	0.005747	0.123355
-48	21.448689	0.005346	0.114755
-49	21.439708	0.005352	0.114889
-50	29.112394	0.003926	0.114489
-51	29.100977	0.003930	0.114625
-52	29.089178	0.003936	0.114784
-53	29.077711	0.003657	0.106686
-54	29.067204	0.003664	0.106888
-55	29.259093	0.003374	0.099114
-56	28.985515	0.003613	0.105186
-57	28.982580	0.003622	0.105484
-58	28.983229	0.003633	0.105819
-59	29.076388	0.003770	0.110161
-60	29.084151	0.002277	0.066579
-61	29.351901	0.002239	0.066045
-62	29.363982	0.002250	0.066373
-63	28.362917	0.002336	0.066549
-64	28.376320	0.002349	0.066922
-65	28.389406	0.002363	0.067323
-66	28.400550	0.002377	0.067720
-67	28.409757	0.002391	0.068121
-68	28.417003	0.002406	0.068531
-69	28.422204	0.002419	0.068927
-70	28.840372	0.002440	0.070507
-71	28.842531	0.002450	0.070816
-72	28.844816	0.002464	0.071216
-73	28.847045	0.002478	0.071612
-74	28.849677	0.002492	0.072006
-75	28.853013	0.002505	0.072390
-76	25.692299	0.002771	0.071289
-77	25.697647	0.002785	0.071638
-78	27.966718	0.001955	0.054685
-79	27.975391	0.001962	0.054865
-80	26.355393	0.002017	0.053094
-81	26.372165	0.002024	0.053290
-82	26.391248	0.002031	0.053472
-83	26.411141	0.001773	0.046683
-84	23.430810	0.001931	0.045063
-85	22.824516	0.002136	0.048507
-86	22.829422	0.002140	0.048605
-87	22.828851	0.002144	0.048693
-88	22.813167	0.001743	0.039577
-89	22.797554	0.001746	0.039647
-90	29.242562	0.001384	0.040327
-91	29.226729	0.001385	0.040363
-92	29.211535	0.001386	0.040396
-93	29.195767	0.001388	0.040432
-94	29.183041	0.001389	0.040464
-95	29.172819	0.001390	0.040495
-96	29.165264	0.001391	0.040527
-97	29.159942	0.001392	0.040559
-98	29.234532	0.001320	0.038563
-99	29.232641	0.001321	0.038594
-100	29.231803	0.001322	0.038634
-101	29.232163	0.001084	0.031689
-102	29.233337	0.001086	0.031731
-103	29.594904	0.000850	0.025152
-104	29.599294	0.000852	0.025214
-105	29.291776	0.000801	0.023466
-106	29.298502	0.000804	0.023533
-107	29.305710	0.000806	0.023602
-108	29.312831	0.000808	0.023673
-109	29.319367	0.000811	0.023744
-110	29.324759	0.000813	0.023816
-111	29.328668	0.000816	0.023885
-112	29.330925	0.000818	0.023952
-113	29.331510	0.000820	0.024013
-114	29.330496	0.000822	0.024072
-115	29.327981	0.000556	0.016288
-116	29.324110	0.000558	0.016327
-117	29.319039	0.000559	0.016363
-118	28.569598	0.000562	0.016041
-119	28.562159	0.000563	0.016070
-120	28.553520	0.000564	0.016095
-121	28.991369	0.000576	0.016690
-122	28.980307	0.000511	0.014813
-123	28.967503	0.000512	0.014850
-124	28.416507	0.000515	0.014652
-125	28.401071	0.000516	0.014686
-126	28.385078	0.000517	0.014720
-127	28.369171	0.000519	0.014755
-128	28.402975	0.000549	0.015651
-129	28.392715	0.000550	0.015681
-130	28.384541	0.000551	0.015712
-131	28.377061	0.000491	0.013998
-132	28.422019	0.000460	0.013137
-133	28.425436	0.000461	0.013182
-134	29.244818	0.000471	0.013846
-135	29.255758	0.000473	0.013904
-136	28.434052	0.000499	0.014243
-137	28.451717	0.000501	0.014309
-138	28.471848	0.000504	0.014378
-139	29.107865	0.000497	0.014495
-140	29.130127	0.000499	0.014568
-141	29.151695	0.000502	0.014643
-142	28.328998	0.000525	0.014882
-143	28.346754	0.000528	0.014965
-144	28.749113	0.000513	0.014737
-145	28.699951	0.000000	0.000000
-146	28.699951	0.001106	0.031682
-147	28.699951	0.001102	0.031580
-148	28.789432	0.000772	0.022178
-149	28.789432	0.001245	0.035787
-150	28.789432	0.001241	0.035689
-151	28.789432	0.001238	0.035592
-152	28.789374	0.001555	0.044704
-153	28.789374	0.001301	0.037417
-154	28.789374	0.001298	0.037338
-155	28.789397	0.001968	0.056591
-156	28.789397	0.001964	0.056492
-157	28.789396	0.001961	0.056392
-158	28.699941	0.001006	0.028852
-159	28.699933	0.000959	0.027494
-160	28.699901	0.000957	0.027440
-161	28.699824	0.000912	0.026157
-162	28.699650	0.000911	0.026109
-163	29.146402	0.001407	0.040986
-164	29.145961	0.001405	0.040925
-165	29.145289	0.001403	0.040866
-166	29.144142	0.001300	0.037857
-167	29.137539	0.001195	0.034795
-168	27.344690	0.001189	0.032496
-169	27.337902	0.001086	0.029693
-170	28.582692	0.001138	0.032547
-171	28.574332	0.001137	0.032503
-172	28.743874	0.001080	0.031068
-173	28.731853	0.001078	0.031014
-174	28.727118	0.001077	0.030987
-175	28.726715	0.000995	0.028637
-176	28.731130	0.000995	0.028627
-177	28.472432	0.001362	0.038847
-178	28.485273	0.001362	0.038853
-179	28.499594	0.001363	0.038868
-180	28.513954	0.001363	0.038890
-181	28.526369	0.001261	0.035988
-182	28.533663	0.001262	0.036010
-183	28.897045	0.001189	0.034359
-184	28.899886	0.001190	0.034385
-185	28.900743	0.001191	0.034410
-186	28.900273	0.001102	0.031847
-187	29.033075	0.000987	0.028633
-188	28.762522	0.001014	0.029169
-189	28.758492	0.001015	0.029195
-190	28.753363	0.001016	0.029219
-191	28.747212	0.001017	0.029241
-192	28.736438	0.000946	0.027197
-193	28.723864	0.000947	0.027230
-194	28.799681	0.000963	0.027777
-195	28.788379	0.000964	0.027810
-196	28.776710	0.000965	0.027849
-197	28.765378	0.000897	0.025884
-198	28.755006	0.000899	0.025933
-199	28.612696	0.001183	0.033997
-200	29.408836	0.000957	0.028258
-201	29.405805	0.000959	0.028338
-202	29.406410	0.000962	0.028428
-203	28.831303	0.000847	0.024539
-204	28.839085	0.000512	0.014831
-205	28.850460	0.000545	0.015800
-206	28.862317	0.000548	0.015878
-207	28.831293	0.000558	0.016162
-208	28.844932	0.000561	0.016253
-209	28.858253	0.000565	0.016350
-210	28.869620	0.000568	0.016446
-211	28.879010	0.000571	0.016544
-212	28.886405	0.000575	0.016643
-213	28.891718	0.000578	0.016739
-214	28.985726	0.000543	0.015775
-215	28.987872	0.000545	0.015843
-216	28.990182	0.000549	0.015933
-217	28.992420	0.000552	0.016022
-218	28.995061	0.000555	0.016110
-219	28.998411	0.000558	0.016196
-220	28.914193	0.000617	0.017865
-221	28.920050	0.000620	0.017953
-222	28.794885	0.000349	0.010059
-223	28.803707	0.000350	0.010092
-224	24.653527	0.000493	0.012150
-225	24.669056	0.000495	0.012194
-226	24.686943	0.000497	0.012235
-227	24.705440	0.000434	0.010682
-228	28.945296	0.000433	0.012490
-229	28.871902	0.000321	0.009217
-230	28.879587	0.000322	0.009237
-231	28.880564	0.000322	0.009254
-232	28.865374	0.000262	0.007520
-233	28.844455	0.000262	0.007535
-234	28.815987	0.000241	0.006929
-235	28.800395	0.000242	0.006935
-236	28.785135	0.000242	0.006941
-237	28.769845	0.000242	0.006947
-238	28.757348	0.000242	0.006953
-239	28.747308	0.000242	0.006958
-240	28.739896	0.000243	0.006963
-241	28.734677	0.000243	0.006969
-242	29.044280	0.000310	0.009009
-243	29.042453	0.000311	0.009016
-244	29.041613	0.000311	0.009025
-245	29.041978	0.000255	0.007403
-246	29.043118	0.000255	0.007413
-247	26.205287	0.000212	0.005549
-248	26.209102	0.000212	0.005562
-249	28.967218	0.000255	0.007394
-250	28.973874	0.000256	0.007415
-251	28.981005	0.000257	0.007436
-252	28.988039	0.000258	0.007459
-253	28.994489	0.000258	0.007481
-254	28.999806	0.000259	0.007504
-255	29.003653	0.000260	0.007526
-256	29.005865	0.000261	0.007547
-257	29.006426	0.000261	0.007566
-258	29.005406	0.000262	0.007584
-259	29.002906	0.000177	0.005132
-260	28.999065	0.000178	0.005144
-261	28.994033	0.000178	0.005155
-262	28.987832	0.000191	0.005520
-263	28.980304	0.000191	0.005530
-264	28.971564	0.000191	0.005539
-265	28.916790	0.000172	0.004975
-266	28.905755	0.000153	0.004416
-267	28.892977	0.000153	0.004427
-268	28.833941	0.000162	0.004671
-269	28.818281	0.000162	0.004682
-270	28.802058	0.000163	0.004693
-271	28.785902	0.000163	0.004704
-272	28.681833	0.000134	0.003856
-273	28.671403	0.000134	0.003863
-274	28.663137	0.000135	0.003871
-275	28.655533	0.000120	0.003449
-276	27.408496	0.000160	0.004398
-277	27.411540	0.000160	0.004412
-278	29.155725	0.000130	0.003805
-279	29.166584	0.000130	0.003821
-280	28.645865	0.000124	0.003561
-281	28.663639	0.000124	0.003577
-282	28.683913	0.000125	0.003594
-283	28.884451	0.000123	0.003565
-284	28.906540	0.000124	0.003582
-285	28.927917	0.000124	0.003601
-286	29.034288	0.000119	0.003445
-287	29.052480	0.000119	0.003464
-288	28.984335	0.000133	0.003837
-289	26.822400	0.007833	0.209785
-290	26.822400	0.007818	0.209387
-291	26.822400	0.003003	0.080350
-292	26.822400	0.000000	0.000000
-293	26.822400	0.001994	0.053308
-294	26.822400	0.000000	0.000000
-295	26.822400	0.000000	0.000000
-296	26.822292	0.000466	0.012481
-297	26.822260	0.000438	0.011715
-298	26.822400	0.000000	0.000000
-299	26.818341	0.000667	0.017871
-300	26.814995	0.000666	0.017851
-301	26.822400	0.000000	0.000000
-302	26.822400	0.000000	0.000000
-303	26.822400	0.000000	0.000000
-304	26.767512	0.000537	0.014390
-305	26.822400	0.000000	0.000000
-306	26.829174	0.000497	0.013335
-307	26.822400	0.000000	0.000000
-308	26.842096	0.000460	0.012350
-309	26.822400	0.000000	0.000000
-310	26.822400	0.000000	0.000000
-311	26.817768	0.000404	0.010834
-312	26.822400	0.000000	0.000000
-313	26.757434	0.000384	0.010294
-314	26.822400	0.000000	0.000000
-315	26.822400	0.000000	0.000000
-316	26.753331	0.002009	0.053942
-317	26.822400	0.000000	0.000000
-318	26.822400	0.000000	0.000000
-319	26.822400	0.000000	0.000000
-320	26.822400	0.000000	0.000000
-321	26.869103	0.000940	0.025305
-322	26.822400	0.000000	0.000000
-323	26.822400	0.000000	0.000000
-324	26.949984	0.000319	0.008546
-325	26.822400	0.000000	0.000000
-326	26.822400	0.000000	0.000000
-327	26.979498	0.000410	0.010988
-328	26.822400	0.000000	0.000000
-329	26.822400	0.000000	0.000000
-330	26.851539	0.000318	0.008527
-331	26.852354	0.000321	0.008620
-332	26.822400	0.000000	0.000000
-333	26.822400	0.000000	0.000000
-334	26.894428	0.000384	0.010313
-335	26.822400	0.000000	0.000000
-336	26.839395	0.000092	0.002448
-337	26.822400	0.000000	0.000000
-338	26.739341	0.000083	0.002218
-339	26.822400	0.000000	0.000000
-340	29.124652	0.000000	0.000000
-341	28.768472	0.000517	0.014856
-342	28.699951	0.000000	0.000000
-343	29.004322	0.000134	0.003869
-344	26.822400	0.000000	0.000000
-345	26.822400	0.000000	0.000000
-346	26.795911	0.000664	0.017795
