-1	29.124652	0.000000	0.000000
-2	29.124652	0.005800	0.168823
-3	29.124652	0.005793	0.168606
-4	30.026185	0.005908	0.177279
-5	30.026185	0.010060	0.301902
-6	30.026185	0.010049	0.301588
-7	30.026185	0.010039	0.301274
-8	30.139428	0.009681	0.291625
-9	30.139428	0.008425	0.253890
-10	30.139428	0.008422	0.253792
-11	30.237788	0.007713	0.233183
-12	30.237787	0.007711	0.233106
-13	30.237786	0.007708	0.233030
-14	30.506008	0.008592	0.262057
-15	30.505997	0.008228	0.250976
-16	30.505958	0.008226	0.250905
-17	30.505861	0.007875	0.240228
-18	30.505636	0.007874	0.240187
-19	30.308577	0.007393	0.224060
-20	30.308031	0.007392	0.224031
-21	30.307093	0.007391	0.224003
-22	30.305613	0.006931	0.210071
-23	30.296777	0.006472	0.196168
-24	30.745190	0.006458	0.198704
-25	30.734978	0.006001	0.184652
-26	27.310878	0.006634	0.181474
-27	27.299401	0.006638	0.181608
-28	29.049320	0.006295	0.183366
-29	29.030290	0.006310	0.183851
-30	29.021676	0.006322	0.184265
-31	29.019167	0.005925	0.172735
-32	29.023967	0.005943	0.173307
-33	27.543514	0.005856	0.162003
-34	27.562023	0.005881	0.162735
-35	27.583689	0.005908	0.163531
-36	27.605996	0.005939	0.164412
-37	27.626141	0.005589	0.154726
-38	27.637574	0.005614	0.155422
-39	29.178425	0.005417	0.158269
-40	29.182279	0.005445	0.159105
-41	29.182534	0.005473	0.159926
-42	29.180803	0.005142	0.150221
-43	29.267956	0.005290	0.155015
-44	21.479394	0.007225	0.155399
-45	21.478923	0.007270	0.156344
-46	21.479280	0.007309	0.157190
-47	21.479999	0.007345	0.157954
-48	21.480872	0.006924	0.148887
-49	21.481034	0.006961	0.149674
-50	29.178047	0.005122	0.149572
-51	29.177049	0.005142	0.150166
-52	29.175533	0.005162	0.150749
-53	29.173720	0.004840	0.141327
-54	29.171843	0.004858	0.141838
-55	29.371492	0.004480	0.131697
-56	29.101667	0.004803	0.139894
-57	29.100670	0.004819	0.140357
-58	29.099993	0.004835	0.140811
-59	29.188996	0.005016	0.146538
-60	29.188580	0.003340	0.097563
-61	29.445288	0.003277	0.096554
-62	29.444692	0.003285	0.096802
-63	28.426256	0.003402	0.096776
-64	28.425403	0.003411	0.097020
-65	28.424541	0.003420	0.097267
-66	28.423891	0.003428	0.097498
-67	28.423607	0.003436	0.097722
-68	28.423896	0.003444	0.097942
-69	28.424894	0.003451	0.098147
-70	28.841417	0.003464	0.099933
-71	28.843813	0.003469	0.100083
-72	28.848284	0.003476	0.100273
-73	28.854264	0.003482	0.100454
-74	28.861960	0.003488	0.100627
-75	28.871220	0.003494	0.100789
-76	25.715660	0.003847	0.098792
-77	25.726261	0.003853	0.098919
-78	28.002684	0.002963	0.082736
-79	28.013768	0.002964	0.082772
-80	26.389389	0.003035	0.079778
-81	26.398599	0.003035	0.079778
-82	26.404413	0.003034	0.079755
-83	26.406568	0.002740	0.072030
-84	23.407359	0.002973	0.069266
-85	22.786008	0.003275	0.074292
-86	22.782004	0.003273	0.074239
-87	22.777297	0.003271	0.074168
-88	22.768258	0.002628	0.059601
-89	22.761444	0.002626	0.059554
-90	29.209348	0.002075	0.060420
-91	29.201571	0.002074	0.060372
-92	29.192703	0.002072	0.060319
-93	29.180581	0.002070	0.060248
-94	29.167107	0.002067	0.060175
-95	29.151368	0.002065	0.060096
-96	29.133762	0.002062	0.060017
-97	29.114251	0.002059	0.059940
-98	29.168882	0.001948	0.056862
-99	29.148257	0.001946	0.056807
-100	29.124708	0.001944	0.056756
-101	29.102195	0.001518	0.044350
-102	29.084814	0.001519	0.044387
-103	29.423009	0.001092	0.032344
-104	29.414491	0.001097	0.032480
-105	29.102752	0.001033	0.030289
-106	29.110773	0.001038	0.030442
-107	29.125967	0.001044	0.030605
-108	29.146149	0.001049	0.030775
-109	29.168913	0.001055	0.030953
-110	29.191411	0.001062	0.031135
-111	29.211501	0.001068	0.031318
-112	29.227886	0.001074	0.031502
-113	29.239648	0.001080	0.031680
-114	29.247285	0.001086	0.031860
-115	29.250909	0.000917	0.026892
-116	29.251163	0.000922	0.027052
-117	29.248938	0.000928	0.027207
-118	28.503822	0.000937	0.026773
-119	28.499734	0.000942	0.026924
-120	28.496441	0.000947	0.027071
-121	28.941859	0.000971	0.028179
-122	28.943056	0.000879	0.025513
-123	28.947761	0.000883	0.025633
-124	28.420067	0.000890	0.025347
-125	28.432447	0.000894	0.025461
-126	28.447644	0.000898	0.025570
-127	28.464336	0.000902	0.025674
-128	28.528836	0.000956	0.027269
-129	28.540135	0.000959	0.027344
-130	28.548894	0.000962	0.027412
-131	28.556104	0.000879	0.025043
-132	28.601248	0.000822	0.023454
-133	28.599759	0.000823	0.023493
-134	29.416352	0.000839	0.024631
-135	29.415860	0.000841	0.024666
-136	28.578508	0.000884	0.025185
-137	28.587161	0.000885	0.025209
-138	28.600923	0.000885	0.025226
-139	29.235324	0.000870	0.025318
-140	29.253562	0.000870	0.025320
-141	29.269341	0.000870	0.025312
-142	28.435700	0.000906	0.025595
-143	28.439027	0.000905	0.025568
-144	28.811595	0.000871	0.024926
-145	28.699951	0.000000	0.000000
-146	28.699951	0.001051	0.030146
-147	28.699951	0.001050	0.030108
-148	28.789432	0.000736	0.021185
-149	28.789432	0.001254	0.036079
-150	28.789432	0.001253	0.036041
-151	28.789432	0.001251	0.036004
-152	28.789374	0.001574	0.045299
-153	28.789374	0.001370	0.039438
-154	28.789374	0.001370	0.039423
-155	28.789397	0.002081	0.059885
-156	28.789396	0.002080	0.059866
-157	28.789395	0.002079	0.059847
-158	28.699938	0.001069	0.030685
-159	28.699928	0.001024	0.029388
-160	28.699886	0.001024	0.029379
-161	28.699787	0.000980	0.028129
-162	28.699560	0.000980	0.028125
-163	29.146234	0.001517	0.044212
-164	29.145658	0.001517	0.044206
-165	29.144778	0.001517	0.044200
-166	29.143271	0.001422	0.041451
-167	29.134380	0.001328	0.038709
-168	27.339825	0.001324	0.036226
-169	27.330453	0.001230	0.033666
-170	28.572533	0.001291	0.036961
-171	28.560636	0.001292	0.036988
-172	28.725940	0.001230	0.035434
-173	28.706948	0.001233	0.035530
-174	28.698533	0.001236	0.035609
-175	28.696136	0.001158	0.033381
-176	28.700956	0.001161	0.033492
-177	28.445758	0.001597	0.045628
-178	28.464760	0.001604	0.045834
-179	28.487140	0.001611	0.046057
-180	28.510492	0.001620	0.046308
-181	28.531126	0.001524	0.043574
-182	28.543233	0.001531	0.043774
-183	28.909970	0.001449	0.041958
-184	28.913754	0.001457	0.042180
-185	28.913989	0.001465	0.042398
-186	28.912269	0.001376	0.039825
-187	29.044165	0.001236	0.035954
-188	28.773670	0.001277	0.036784
-189	28.772678	0.001285	0.037010
-190	28.772993	0.001292	0.037217
-191	28.773953	0.001298	0.037405
-192	28.775321	0.001223	0.035236
-193	28.775765	0.001230	0.035438
-194	28.864741	0.001256	0.036290
-195	28.863748	0.001261	0.036434
-196	28.862245	0.001266	0.036575
-197	28.860451	0.001187	0.034289
-198	28.858597	0.001191	0.034413
-199	28.722716	0.001571	0.045175
-200	29.526654	0.001272	0.037582
-201	29.525638	0.001276	0.037706
-202	29.524948	0.001280	0.037828
-203	28.942923	0.001127	0.032642
-204	28.942508	0.000750	0.021733
-205	28.942005	0.000797	0.023097
-206	28.941418	0.000800	0.023156
-207	28.895916	0.000813	0.023504
-208	28.895048	0.000815	0.023563
-209	28.894169	0.000817	0.023623
-210	28.893502	0.000819	0.023680
-211	28.893204	0.000821	0.023734
-212	28.893484	0.000823	0.023787
-213	28.894485	0.000825	0.023837
-214	28.986777	0.000771	0.022359
-215	28.989142	0.000772	0.022392
-216	28.993650	0.000774	0.022435
-217	28.999650	0.000775	0.022475
-218	29.007376	0.000777	0.022514
-219	29.016679	0.000778	0.022550
-220	28.939743	0.000857	0.024770
-221	28.951591	0.000858	0.024802
-222	28.831847	0.000529	0.015221
-223	28.843222	0.000530	0.015228
-224	24.684628	0.000742	0.018251
-225	24.692907	0.000742	0.018250
-226	24.698109	0.000742	0.018245
-227	24.699912	0.000670	0.016478
-228	28.920492	0.000667	0.019212
-229	28.826279	0.000492	0.014127
-230	28.821008	0.000492	0.014116
-231	28.815252	0.000492	0.014104
-232	28.805094	0.000395	0.011334
-233	28.795900	0.000395	0.011324
-234	28.783329	0.000362	0.010381
-235	28.775665	0.000362	0.010373
-236	28.766692	0.000361	0.010364
-237	28.754867	0.000361	0.010352
-238	28.741570	0.000360	0.010339
-239	28.726020	0.000360	0.010326
-240	28.708643	0.000360	0.010312
-241	28.689390	0.000359	0.010299
-242	28.978570	0.000458	0.013284
-243	28.958839	0.000458	0.013271
-244	28.935075	0.000457	0.013259
-245	28.912720	0.000357	0.010361
-246	28.895691	0.000357	0.010369
-247	26.051521	0.000272	0.007138
-248	26.044845	0.000273	0.007167
-249	28.780303	0.000329	0.009544
-250	28.788312	0.000331	0.009592
-251	28.803401	0.000333	0.009643
-252	28.823383	0.000334	0.009697
-253	28.845895	0.000336	0.009753
-254	28.868117	0.000338	0.009810
-255	28.887943	0.000340	0.009868
-256	28.904095	0.000342	0.009926
-257	28.915680	0.000344	0.009982
-258	28.923187	0.000346	0.010039
-259	28.926732	0.000292	0.008473
-260	28.926957	0.000294	0.008524
-261	28.924738	0.000296	0.008573
-262	28.921045	0.000318	0.009213
-263	28.916887	0.000319	0.009265
-264	28.913519	0.000321	0.009316
-265	28.867441	0.000290	0.008401
-266	28.868642	0.000263	0.007606
-267	28.873348	0.000264	0.007642
-268	28.837144	0.000280	0.008081
-269	28.849669	0.000281	0.008118
-270	28.865060	0.000282	0.008152
-271	28.882002	0.000283	0.008186
-272	28.808686	0.000233	0.006718
-273	28.820174	0.000234	0.006737
-274	28.829034	0.000235	0.006754
-275	28.836348	0.000214	0.006170
-276	27.580905	0.000285	0.007851
-277	27.579526	0.000286	0.007863
-278	29.326634	0.000231	0.006769
-279	29.326164	0.000232	0.006778
-280	28.791463	0.000219	0.006296
-281	28.800140	0.000219	0.006302
-282	28.813981	0.000220	0.006306
-283	29.010901	0.000216	0.006226
-284	29.028982	0.000216	0.006226
-285	29.044589	0.000216	0.006224
-286	29.143930	0.000205	0.005925
-287	29.147563	0.000204	0.005919
-288	29.048008	0.000225	0.006491
-289	26.822400	0.007432	0.199226
-290	26.822400	0.007427	0.199075
-291	26.822400	0.002201	0.058976
-292	26.822400	0.000000	0.000000
-293	26.822400	0.001617	0.043249
-294	26.822400	0.000000	0.000000
-295	26.822400	0.000000	0.000000
-296	26.822259	0.000458	0.012263
-297	26.822218	0.000442	0.011842
-298	26.822400	0.000000	0.000000
-299	26.817054	0.000621	0.016633
-300	26.812564	0.000622	0.016666
-301	26.822400	0.000000	0.000000
-302	26.822400	0.000000	0.000000
-303	26.822400	0.000000	0.000000
-304	26.739989	0.000536	0.014391
-305	26.822400	0.000000	0.000000
-306	26.834807	0.000510	0.013718
-307	26.822400	0.000000	0.000000
-308	26.853119	0.000495	0.013314
-309	26.822400	0.000000	0.000000
-310	26.822400	0.000000	0.000000
-311	26.850778	0.000467	0.012561
-312	26.822400	0.000000	0.000000
-313	26.846772	0.000462	0.012420
-314	26.822400	0.000000	0.000000
-315	26.822400	0.000000	0.000000
-316	26.839613	0.002256	0.060592
-317	26.822400	0.000000	0.000000
-318	26.822400	0.000000	0.000000
-319	26.822400	0.000000	0.000000
-320	26.822400	0.000000	0.000000
-321	26.903558	0.000965	0.025914
-322	26.822400	0.000000	0.000000
-323	26.822400	0.000000	0.000000
-324	26.945489	0.000353	0.009436
-325	26.822400	0.000000	0.000000
-326	26.822400	0.000000	0.000000
-327	26.921734	0.000642	0.017188
-328	26.822400	0.000000	0.000000
-329	26.822400	0.000000	0.000000
-330	26.703879	0.000576	0.015414
-331	26.716264	0.000567	0.015174
-332	26.822400	0.000000	0.000000
-333	26.822400	0.000000	0.000000
-334	26.825219	0.000252	0.006775
-335	26.822400	0.000000	0.000000
-336	26.817025	0.000136	0.003667
-337	26.822400	0.000000	0.000000
-338	26.907872	0.000115	0.003087
-339	26.822400	0.000000	0.000000
-340	29.124652	0.000000	0.000000
-341	28.793853	0.000868	0.024852
-342	28.699951	0.000000	0.000000
-343	29.029690	0.000224	0.006471
-344	26.822400	0.000000	0.000000
-345	26.822400	0.000000	0.000000
-346	26.785973	0.000622	0.016684
