-1	29.124652	0.000000	0.000000
-2	29.124652	0.005530	0.161367
-3	29.124652	0.005552	0.162002
-4	30.026185	0.005691	0.171199
-5	30.026185	0.009326	0.280636
-6	30.026185	0.009367	0.281878
-7	30.026185	0.009409	0.283124
-8	30.139428	0.009123	0.275553
-9	30.139428	0.008012	0.241985
-10	30.139428	0.008047	0.243046
-11	30.237788	0.007415	0.224685
-12	30.237789	0.007442	0.225520
-13	30.237790	0.007470	0.226345
-14	30.506030	0.008373	0.255973
-15	30.506041	0.007881	0.240934
-16	30.506078	0.007914	0.241937
-17	30.506168	0.007445	0.227584
-18	30.506378	0.007476	0.228520
-19	30.310015	0.007045	0.213961
-20	30.310529	0.007067	0.214638
-21	30.311416	0.007090	0.215338
-22	30.312822	0.006662	0.202319
-23	30.321490	0.006254	0.189929
-24	30.784945	0.006265	0.193116
-25	30.795232	0.005831	0.179758
-26	27.384380	0.006467	0.177197
-27	27.396383	0.006490	0.177823
-28	29.179078	0.006170	0.179981
-29	29.202616	0.006207	0.181030
-30	29.215610	0.006230	0.181707
-31	29.224178	0.005844	0.170427
-32	29.227173	0.005864	0.171008
-33	27.720529	0.005776	0.159756
-34	27.711900	0.005795	0.160283
-35	27.699414	0.005814	0.160792
-36	27.684366	0.005833	0.161308
-37	27.668016	0.005470	0.151252
-38	27.656904	0.005483	0.151617
-39	29.179062	0.005277	0.154023
-40	29.170138	0.005292	0.154454
-41	29.164029	0.005307	0.154878
-42	29.160499	0.004970	0.145037
-43	29.248724	0.005101	0.149316
-44	21.468703	0.006945	0.149209
-45	21.472725	0.006967	0.149680
-46	21.478199	0.006987	0.150098
-47	21.484642	0.007005	0.150471
-48	21.497244	0.006580	0.141321
-49	21.508286	0.006596	0.141661
-50	29.227063	0.004843	0.141265
-51	29.240070	0.004851	0.141496
-52	29.253136	0.004858	0.141706
-53	29.265592	0.004547	0.132606
-54	29.276896	0.004552	0.132737
-55	29.488392	0.004186	0.122909
-56	29.225593	0.004475	0.130180
-57	29.228934	0.004477	0.130217
-58	29.228504	0.004478	0.130220
-59	29.314270	0.004631	0.135081
-60	29.306107	0.002566	0.074798
-61	29.551973	0.002506	0.073688
-62	29.538554	0.002502	0.073569
-63	28.501785	0.002579	0.073206
-64	28.485708	0.002574	0.073053
-65	28.469111	0.002568	0.072880
-66	28.453986	0.002562	0.072703
-67	28.440386	0.002556	0.072519
-68	28.428515	0.002549	0.072327
-69	28.418953	0.002542	0.072139
-70	28.823266	0.002537	0.073026
-71	28.818515	0.002532	0.072876
-72	28.813784	0.002525	0.072682
-73	28.810279	0.002518	0.072489
-74	28.807746	0.002511	0.072298
-75	28.806013	0.002505	0.072112
-76	25.643876	0.002744	0.070332
-77	25.643248	0.002738	0.070165
-78	27.898709	0.002036	0.056785
-79	27.898136	0.002033	0.056695
-80	26.266289	0.002076	0.054514
-81	26.264423	0.002072	0.054414
-82	26.261815	0.002068	0.054316
-83	26.258664	0.001848	0.048515
-84	23.274644	0.001999	0.046525
-85	22.658578	0.002197	0.049779
-86	22.657806	0.002191	0.049652
-87	22.658293	0.002185	0.049513
-88	22.662468	0.001799	0.040742
-89	22.666379	0.001791	0.040555
-90	29.103251	0.001410	0.040987
-91	29.106628	0.001405	0.040852
-92	29.109503	0.001401	0.040714
-93	29.111869	0.001395	0.040549
-94	29.113131	0.001389	0.040388
-95	29.113454	0.001384	0.040222
-96	29.113062	0.001378	0.040056
-97	29.112244	0.001372	0.039890
-98	29.189309	0.001294	0.037720
-99	29.188288	0.001289	0.037578
-100	29.186952	0.001284	0.037420
-101	29.185183	0.001063	0.030961
-102	29.183152	0.001058	0.030837
-103	29.535902	0.000838	0.024709
-104	29.530336	0.000833	0.024569
-105	29.210180	0.000777	0.022669
-106	29.201227	0.000773	0.022538
-107	29.191306	0.000768	0.022409
-108	29.181196	0.000764	0.022284
-109	29.171660	0.000760	0.022161
-110	29.163593	0.000756	0.022042
-111	29.157583	0.000752	0.021930
-112	29.153926	0.000748	0.021822
-113	29.152660	0.000744	0.021724
-114	29.153606	0.000741	0.021629
-115	29.156535	0.000481	0.014029
-116	29.161118	0.000478	0.013961
-117	29.166998	0.000476	0.013897
-118	28.434677	0.000476	0.013536
-119	28.442398	0.000474	0.013480
-120	28.450632	0.000472	0.013428
-121	28.905340	0.000479	0.013853
-122	28.913819	0.000416	0.012013
-123	28.922424	0.000414	0.011968
-124	28.394873	0.000414	0.011738
-125	28.402634	0.000412	0.011697
-126	28.409518	0.000411	0.011658
-127	28.415245	0.000410	0.011621
-128	28.467790	0.000431	0.012261
-129	28.469863	0.000430	0.012234
-130	28.470580	0.000429	0.012210
-131	28.466121	0.000346	0.009832
-132	28.501481	0.000322	0.009163
-133	28.492705	0.000321	0.009153
-134	29.297250	0.000327	0.009573
-135	29.280446	0.000326	0.009562
-136	28.422850	0.000342	0.009742
-137	28.398605	0.000342	0.009733
-138	28.371737	0.000342	0.009725
-139	28.955846	0.000335	0.009750
-140	28.928247	0.000335	0.009744
-141	28.903526	0.000335	0.009740
-142	28.053864	0.000349	0.009852
-143	28.040624	0.000349	0.009850
-144	28.413950	0.000336	0.009625
-145	28.699951	0.000000	0.000000
-146	28.699951	0.001002	0.028817
-147	28.699951	0.001006	0.028931
-148	28.789432	0.000709	0.020463
-149	28.789432	0.001163	0.033545
-150	28.789432	0.001168	0.033693
-151	28.789432	0.001173	0.033842
-152	28.789374	0.001484	0.042813
-153	28.789374	0.001303	0.037598
-154	28.789374	0.001309	0.037763
-155	28.789398	0.002001	0.057721
-156	28.789398	0.002008	0.057930
-157	28.789399	0.002015	0.058141
-158	28.699963	0.001043	0.029983
-159	28.699972	0.000981	0.028218
-160	28.700011	0.000985	0.028337
-161	28.700104	0.000927	0.026656
-162	28.700316	0.000931	0.026766
-163	29.147641	0.001446	0.042222
-164	29.148184	0.001450	0.042362
-165	29.149016	0.001455	0.042494
-166	29.150447	0.001367	0.039929
-167	29.159198	0.001284	0.037486
-168	27.377432	0.001285	0.035223
-169	27.386908	0.001196	0.032787
-170	28.648473	0.001259	0.036086
-171	28.660894	0.001263	0.036213
-172	28.854161	0.001206	0.034780
-173	28.877755	0.001213	0.034986
-174	28.890435	0.001218	0.035115
-175	28.898843	0.001142	0.032935
-176	28.901739	0.001146	0.033047
-177	28.629473	0.001575	0.044997
-178	28.620696	0.001581	0.045145
-179	28.607866	0.001586	0.045289
-180	28.592164	0.001591	0.045436
-181	28.575553	0.001492	0.042601
-182	28.563829	0.001495	0.042705
-183	28.910485	0.001412	0.040832
-184	28.901666	0.001416	0.040946
-185	28.895638	0.001420	0.041059
-186	28.892163	0.001330	0.038449
-187	29.025102	0.001192	0.034631
-188	28.757804	0.001228	0.035347
-189	28.762433	0.001232	0.035460
-190	28.769376	0.001236	0.035562
-191	28.777883	0.001239	0.035654
-192	28.792180	0.001164	0.033479
-193	28.807836	0.001167	0.033567
-194	28.913382	0.001188	0.034273
-195	28.926255	0.001190	0.034329
-196	28.939175	0.001192	0.034380
-197	28.951484	0.001115	0.032172
-198	28.962642	0.001116	0.032204
-199	28.837213	0.001468	0.042158
-200	29.652325	0.001185	0.034974
-201	29.655770	0.001186	0.034984
-202	29.655392	0.001186	0.034985
-203	29.067105	0.001040	0.030089
-204	29.058916	0.000576	0.016661
-205	29.046613	0.000610	0.017626
-206	29.033438	0.000609	0.017597
-207	28.972949	0.000616	0.017781
-208	28.956601	0.000615	0.017744
-209	28.939723	0.000614	0.017702
-210	28.924313	0.000612	0.017659
-211	28.910461	0.000611	0.017614
-212	28.898363	0.000609	0.017568
-213	28.888610	0.000608	0.017522
-214	28.968533	0.000565	0.016339
-215	28.963811	0.000564	0.016306
-216	28.959021	0.000562	0.016262
-217	28.955494	0.000561	0.016219
-218	28.952944	0.000559	0.016176
-219	28.951199	0.000558	0.016134
-220	28.860607	0.000612	0.017642
-221	28.859885	0.000610	0.017600
-222	28.725200	0.000364	0.010447
-223	28.724620	0.000363	0.010431
-224	24.568624	0.000508	0.012469
-225	24.566871	0.000507	0.012447
-226	24.564400	0.000506	0.012424
-227	24.561451	0.000452	0.011097
-228	28.756210	0.000449	0.012911
-229	28.663895	0.000330	0.009470
-230	28.662619	0.000330	0.009445
-231	28.662827	0.000329	0.009419
-232	28.667085	0.000271	0.007756
-233	28.672352	0.000269	0.007718
-234	28.678896	0.000246	0.007042
-235	28.682221	0.000245	0.007019
-236	28.685093	0.000244	0.006995
-237	28.687376	0.000243	0.006967
-238	28.688606	0.000242	0.006939
-239	28.688914	0.000241	0.006911
-240	28.688521	0.000240	0.006882
-241	28.687712	0.000239	0.006854
-242	28.999366	0.000304	0.008811
-243	28.998391	0.000303	0.008779
-244	28.997040	0.000302	0.008742
-245	28.995278	0.000250	0.007233
-246	28.993298	0.000249	0.007204
-247	26.151436	0.000209	0.005444
-248	26.146587	0.000207	0.005414
-249	28.886354	0.000248	0.007142
-250	28.877491	0.000246	0.007100
-251	28.867672	0.000245	0.007060
-252	28.857684	0.000243	0.007020
-253	28.848269	0.000242	0.006982
-254	28.840314	0.000241	0.006944
-255	28.834397	0.000239	0.006909
-256	28.830808	0.000238	0.006875
-257	28.829580	0.000237	0.006844
-258	28.830538	0.000236	0.006814
-259	28.833450	0.000153	0.004420
-260	28.837997	0.000152	0.004398
-261	28.843827	0.000152	0.004378
-262	28.850719	0.000161	0.004659
-263	28.858543	0.000161	0.004640
-264	28.866888	0.000160	0.004621
-265	28.831036	0.000143	0.004130
-266	28.839491	0.000124	0.003581
-267	28.848075	0.000124	0.003568
-268	28.811648	0.000130	0.003743
-269	28.819537	0.000130	0.003730
-270	28.826537	0.000129	0.003717
-271	28.832370	0.000129	0.003706
-272	28.747148	0.000105	0.003021
-273	28.749258	0.000105	0.003014
-274	28.749990	0.000105	0.003008
-275	28.745637	0.000084	0.002422
-276	27.484077	0.000112	0.003067
-277	27.476153	0.000111	0.003063
-278	29.207760	0.000090	0.002631
-279	29.191089	0.000090	0.002628
-280	28.634882	0.000085	0.002436
-281	28.610481	0.000085	0.002433
-282	28.583416	0.000085	0.002431
-283	28.733218	0.000083	0.002398
-284	28.705850	0.000083	0.002396
-285	28.681371	0.000083	0.002395
-286	28.752993	0.000079	0.002280
-287	28.739250	0.000079	0.002280
-288	28.646633	0.000087	0.002506
-289	26.822400	0.007049	0.189434
-290	26.822400	0.007066	0.189877
-291	26.822400	0.002566	0.068851
-292	26.822400	0.000000	0.000000
-293	26.822400	0.001495	0.040176
-294	26.822400	0.000000	0.000000
-295	26.822400	0.000000	0.000000
-296	26.822533	0.000662	0.017801
-297	26.822570	0.000639	0.017173
-298	26.822400	0.000000	0.000000
-299	26.827496	0.000612	0.016449
-300	26.831883	0.000616	0.016561
-301	26.822400	0.000000	0.000000
-302	26.822400	0.000000	0.000000
-303	26.822400	0.000000	0.000000
-304	26.924307	0.000531	0.014266
-305	26.822400	0.000000	0.000000
-306	26.870322	0.000507	0.013615
-307	26.822400	0.000000	0.000000
-308	26.834674	0.000483	0.012992
-309	26.822400	0.000000	0.000000
-310	26.822400	0.000000	0.000000
-311	26.862856	0.000444	0.011938
-312	26.822400	0.000000	0.000000
-313	26.932854	0.000430	0.011538
-314	26.822400	0.000000	0.000000
-315	26.822400	0.000000	0.000000
-316	26.937531	0.002745	0.073637
-317	26.822400	0.000000	0.000000
-318	26.822400	0.000000	0.000000
-319	26.822400	0.000000	0.000000
-320	26.822400	0.000000	0.000000
-321	26.804234	0.000759	0.020314
-322	26.822400	0.000000	0.000000
-323	26.822400	0.000000	0.000000
-324	26.794584	0.000261	0.007007
-325	26.822400	0.000000	0.000000
-326	26.822400	0.000000	0.000000
-327	26.791056	0.000378	0.010132
-328	26.822400	0.000000	0.000000
-329	26.822400	0.000000	0.000000
-330	26.802654	0.000286	0.007676
-331	26.801967	0.000290	0.007760
-332	26.822400	0.000000	0.000000
-333	26.822400	0.000000	0.000000
-334	26.740857	0.000368	0.009873
-335	26.822400	0.000000	0.000000
-336	26.790779	0.000087	0.002327
-337	26.822400	0.000000	0.000000
-338	26.825019	0.000109	0.002916
-339	26.822400	0.000000	0.000000
-340	29.124652	0.000000	0.000000
-341	28.422416	0.000336	0.009629
-342	28.699951	0.000000	0.000000
-343	28.655408	0.000087	0.002507
-344	26.822400	0.000000	0.000000
-345	26.822400	0.000000	0.000000
-346	26.859402	0.000624	0.016771
