-1	29.124652	0.000000	0.000000
-2	29.124652	0.006382	0.185569
-3	29.124652	0.006360	0.184909
-4	30.026185	0.006472	0.193989
-5	30.026185	0.010963	0.328597
-6	30.026185	0.010924	0.327426
-7	30.026185	0.010885	0.326251
-8	30.139428	0.010470	0.314993
-9	30.139428	0.009034	0.271792
-10	30.139428	0.009001	0.270806
-11	30.237788	0.008209	0.247766
-12	30.237787	0.008183	0.246990
-13	30.237784	0.008158	0.246225
-14	30.505999	0.009057	0.275800
-15	30.505979	0.008597	0.261781
-16	30.505909	0.008566	0.260845
-17	30.505735	0.008127	0.247472
-18	30.505334	0.008098	0.246592
-19	30.307991	0.007581	0.229362
-20	30.307014	0.007560	0.228726
-21	30.305335	0.007538	0.228068
-22	30.302682	0.007029	0.212667
-23	30.286735	0.006502	0.196710
-24	30.729001	0.006463	0.198485
-25	30.710337	0.005963	0.183122
-26	27.280637	0.006568	0.179288
-27	27.259137	0.006546	0.178711
-28	28.994772	0.006184	0.179722
-29	28.954524	0.006151	0.178772
-30	28.932977	0.006130	0.178164
-31	28.920272	0.005680	0.165098
-32	28.918680	0.005661	0.164570
-33	27.441838	0.005538	0.152713
-34	27.462998	0.005520	0.152230
-35	27.491009	0.005503	0.151759
-36	27.522705	0.005486	0.151274
-37	27.554841	0.005065	0.139668
-38	27.575465	0.005052	0.139298
-39	29.123579	0.004834	0.140692
-40	29.137457	0.004819	0.140238
-41	29.146001	0.004803	0.139780
-42	29.150418	0.004421	0.128667
-43	29.241185	0.004512	0.131690
-44	21.459852	0.006092	0.130511
-45	21.456541	0.006065	0.129916
-46	21.452429	0.006039	0.129371
-47	21.447995	0.006016	0.128868
-48	21.440553	0.005530	0.118468
-49	21.434681	0.005505	0.117927
-50	29.109664	0.004021	0.117012
-51	29.103668	0.004007	0.116595
-52	29.097952	0.003993	0.116181
-53	29.092652	0.003669	0.106772
-54	29.087836	0.003657	0.106399
-55	29.284458	0.003348	0.098107
-56	29.013561	0.003565	0.103496
-57	29.011491	0.003553	0.103146
-58	29.010812	0.003541	0.102798
-59	29.100810	0.003651	0.106315
-60	29.103337	0.001582	0.046076
-61	29.364273	0.001542	0.045292
-62	29.369501	0.001537	0.045140
-63	28.361033	0.001581	0.044844
-64	28.368036	0.001576	0.044689
-65	28.375577	0.001570	0.044530
-66	28.382687	0.001565	0.044378
-67	28.389244	0.001559	0.044228
-68	28.395037	0.001554	0.044079
-69	28.399656	0.001549	0.043937
-70	28.817155	0.001544	0.044447
-71	28.819025	0.001541	0.044339
-72	28.820255	0.001536	0.044199
-73	28.820245	0.001531	0.044061
-74	28.818936	0.001526	0.043923
-75	28.816338	0.001521	0.043789
-76	25.649400	0.001666	0.042679
-77	25.644474	0.001661	0.042555
-78	27.893277	0.001413	0.039395
-79	27.885792	0.001410	0.039311
-80	26.243833	0.001438	0.037769
-81	26.230987	0.001435	0.037675
-82	26.216760	0.001431	0.037587
-83	26.201849	0.001232	0.032374
-84	23.213118	0.001335	0.031099
-85	22.589510	0.001470	0.033347
-86	22.582734	0.001470	0.033332
-87	22.578680	0.001469	0.033328
-88	22.580833	0.001185	0.026904
-89	22.586046	0.001187	0.026947
-90	29.005206	0.000941	0.027425
-91	29.013240	0.000942	0.027469
-92	29.021870	0.000944	0.027517
-93	29.032120	0.000946	0.027579
-94	29.041787	0.000948	0.027644
-95	29.051252	0.000950	0.027716
-96	29.060227	0.000953	0.027792
-97	29.068848	0.000956	0.027871
-98	29.156132	0.000908	0.026561
-99	29.163593	0.000911	0.026635
-100	29.171675	0.000914	0.026719
-101	29.179289	0.000735	0.021504
-102	29.185304	0.000737	0.021575
-103	29.550107	0.000557	0.016497
-104	29.555366	0.000560	0.016582
-105	29.246885	0.000528	0.015474
-106	29.250534	0.000531	0.015557
-107	29.253963	0.000533	0.015641
-108	29.257750	0.000536	0.015726
-109	29.262470	0.000539	0.015812
-110	29.268373	0.000542	0.015900
-111	29.275370	0.000545	0.015987
-112	29.283004	0.000548	0.016076
-113	29.290224	0.000551	0.016163
-114	29.296414	0.000554	0.016253
-115	29.300529	0.000360	0.010552
-116	29.302072	0.000362	0.010610
-117	29.301219	0.000364	0.010667
-118	28.556150	0.000367	0.010495
-119	28.553943	0.000369	0.010552
-120	28.554076	0.000371	0.010610
-121	29.006696	0.000381	0.011045
-122	29.018212	0.000339	0.009835
-123	29.039166	0.000341	0.009887
-124	28.532525	0.000343	0.009784
-125	28.573311	0.000345	0.009834
-126	28.619944	0.000347	0.009883
-127	28.667254	0.000349	0.009931
-128	28.756467	0.000370	0.010555
-129	28.780909	0.000371	0.010591
-130	28.795082	0.000373	0.010624
-131	28.784514	0.000309	0.008808
-132	28.796730	0.000290	0.008273
-133	28.767950	0.000291	0.008303
-134	29.560258	0.000297	0.008721
-135	29.522835	0.000298	0.008755
-136	28.645866	0.000314	0.008963
-137	28.619489	0.000315	0.008997
-138	28.600576	0.000316	0.009031
-139	29.205389	0.000312	0.009095
-140	29.198281	0.000313	0.009131
-141	29.194942	0.000314	0.009167
-142	28.353176	0.000329	0.009308
-143	28.353732	0.000330	0.009349
-144	28.736957	0.000320	0.009192
-145	28.699951	0.000000	0.000000
-146	28.699951	0.001157	0.033136
-147	28.699951	0.001152	0.033018
-148	28.789432	0.000807	0.023180
-149	28.789432	0.001366	0.039265
-150	28.789432	0.001361	0.039125
-151	28.789432	0.001357	0.038984
-152	28.789374	0.001702	0.048923
-153	28.789374	0.001469	0.042213
-154	28.789374	0.001464	0.042060
-155	28.789397	0.002214	0.063616
-156	28.789396	0.002207	0.063423
-157	28.789393	0.002200	0.063227
-158	28.699927	0.001127	0.032286
-159	28.699910	0.001070	0.030648
-160	28.699836	0.001066	0.030537
-161	28.699658	0.001011	0.028972
-162	28.699252	0.001008	0.028869
-163	29.145661	0.001555	0.045255
-164	29.144631	0.001551	0.045123
-165	29.143055	0.001547	0.044999
-166	29.140354	0.001442	0.041957
-167	29.124291	0.001334	0.038806
-168	27.324502	0.001324	0.036169
-169	27.307342	0.001222	0.033369
-170	28.541300	0.001279	0.036522
-171	28.519037	0.001275	0.036405
-172	28.672042	0.001208	0.034730
-173	28.631746	0.001202	0.034544
-174	28.610707	0.001198	0.034428
-175	28.598269	0.001110	0.031903
-176	28.596819	0.001106	0.031801
-177	28.340670	0.001511	0.043022
-178	28.362285	0.001506	0.042886
-179	28.391131	0.001501	0.042753
-180	28.424241	0.001496	0.042615
-181	28.456983	0.001382	0.039349
-182	28.478760	0.001378	0.039242
-183	28.855718	0.001293	0.037296
-184	28.869422	0.001289	0.037175
-185	28.877849	0.001285	0.037054
-186	28.882196	0.001183	0.034108
-187	29.017606	0.001054	0.030542
-188	28.748347	0.001080	0.030982
-189	28.744377	0.001075	0.030841
-190	28.739007	0.001070	0.030708
-191	28.733003	0.001066	0.030585
-192	28.724109	0.000980	0.028133
-193	28.715612	0.000976	0.027995
-194	28.797039	0.000986	0.028388
-195	28.791108	0.000983	0.028286
-196	28.785458	0.000979	0.028186
-197	28.780221	0.000900	0.025903
-198	28.775465	0.000897	0.025813
-199	28.637564	0.001174	0.033648
-200	29.437278	0.000944	0.027806
-201	29.435157	0.000941	0.027712
-202	29.434446	0.000938	0.027619
-203	28.855494	0.000820	0.023681
-204	28.858035	0.000355	0.010263
-205	28.862489	0.000375	0.010833
-206	28.867627	0.000374	0.010797
-207	28.829484	0.000378	0.010892
-208	28.836601	0.000376	0.010855
-209	28.844264	0.000375	0.010816
-210	28.851506	0.000374	0.010779
-211	28.858182	0.000373	0.010743
-212	28.864087	0.000371	0.010706
-213	28.868801	0.000370	0.010672
-214	28.962392	0.000344	0.009944
-215	28.964255	0.000343	0.009921
-216	28.965508	0.000342	0.009889
-217	28.965503	0.000341	0.009858
-218	28.964195	0.000340	0.009827
-219	28.961590	0.000339	0.009797
-220	28.867482	0.000371	0.010706
-221	28.862078	0.000370	0.010675
-222	28.719855	0.000252	0.007248
-223	28.712228	0.000252	0.007233
-224	24.546732	0.000352	0.008638
-225	24.534854	0.000351	0.008617
-226	24.521515	0.000350	0.008598
-227	24.507604	0.000301	0.007405
-228	28.682516	0.000300	0.008627
-229	28.578577	0.000221	0.006341
-230	28.568934	0.000221	0.006337
-231	28.562976	0.000221	0.006336
-232	28.563199	0.000178	0.005112
-233	28.569801	0.000178	0.005121
-234	28.582332	0.000164	0.004712
-235	28.590251	0.000164	0.004720
-236	28.598946	0.000165	0.004728
-237	28.608913	0.000165	0.004739
-238	28.618429	0.000165	0.004750
-239	28.627756	0.000166	0.004762
-240	28.636596	0.000166	0.004775
-241	28.645088	0.000167	0.004789
-242	28.966621	0.000214	0.006206
-243	28.973765	0.000214	0.006222
-244	28.981920	0.000215	0.006242
-245	28.989483	0.000173	0.005024
-246	28.995372	0.000173	0.005040
-247	26.165646	0.000139	0.003641
-248	26.170041	0.000139	0.003659
-249	28.922791	0.000168	0.004876
-250	28.926396	0.000169	0.004902
-251	28.929794	0.000170	0.004928
-252	28.933548	0.000171	0.004955
-253	28.938229	0.000172	0.004982
-254	28.944079	0.000173	0.005010
-255	28.951006	0.000174	0.005037
-256	28.958552	0.000175	0.005065
-257	28.965679	0.000176	0.005093
-258	28.971777	0.000177	0.005121
-259	28.975816	0.000115	0.003325
-260	28.977316	0.000115	0.003343
-261	28.976455	0.000116	0.003361
-262	28.974112	0.000125	0.003611
-263	28.971839	0.000125	0.003631
-264	28.971901	0.000126	0.003651
-265	28.932140	0.000114	0.003293
-266	28.943646	0.000101	0.002932
-267	28.964581	0.000102	0.002948
-268	28.950828	0.000108	0.003119
-269	28.992139	0.000108	0.003135
-270	29.039423	0.000109	0.003151
-271	29.087519	0.000110	0.003166
-272	29.038413	0.000090	0.002601
-273	29.063280	0.000091	0.002609
-274	29.077653	0.000091	0.002617
-275	29.067545	0.000075	0.002170
-276	27.767396	0.000101	0.002769
-277	27.741272	0.000101	0.002779
-278	29.469766	0.000082	0.002397
-279	29.432699	0.000082	0.002406
-280	28.859579	0.000078	0.002241
-281	28.832955	0.000078	0.002249
-282	28.813848	0.000079	0.002258
-283	28.981000	0.000077	0.002237
-284	28.973975	0.000078	0.002245
-285	28.970681	0.000078	0.002254
-286	29.059446	0.000074	0.002154
-287	29.059987	0.000075	0.002164
-288	28.972406	0.000083	0.002393
-289	26.822400	0.008197	0.219483
-290	26.822400	0.008180	0.219024
-291	26.822400	0.002490	0.066703
-292	26.822400	0.000000	0.000000
-293	26.822400	0.001815	0.048599
-294	26.822400	0.000000	0.000000
-295	26.822400	0.000000	0.000000
-296	26.822148	0.000551	0.014736
-297	26.822075	0.000519	0.013877
-298	26.822400	0.000000	0.000000
-299	26.812814	0.000658	0.017631
-300	26.804719	0.000653	0.017490
-301	26.822400	0.000000	0.000000
-302	26.822400	0.000000	0.000000
-303	26.822400	0.000000	0.000000
-304	26.646714	0.000555	0.014880
-305	26.822400	0.000000	0.000000
-306	26.767917	0.000530	0.014186
-307	26.822400	0.000000	0.000000
-308	26.825692	0.000503	0.013467
-309	26.822400	0.000000	0.000000
-310	26.822400	0.000000	0.000000
-311	26.805445	0.000447	0.011960
-312	26.822400	0.000000	0.000000
-313	26.771833	0.000417	0.011179
-314	26.822400	0.000000	0.000000
-315	26.822400	0.000000	0.000000
-316	26.765685	0.002727	0.073039
-317	26.822400	0.000000	0.000000
-318	26.822400	0.000000	0.000000
-319	26.822400	0.000000	0.000000
-320	26.822400	0.000000	0.000000
-321	26.799361	0.000240	0.006421
-322	26.822400	0.000000	0.000000
-323	26.822400	0.000000	0.000000
-324	26.736707	0.000236	0.006310
-325	26.822400	0.000000	0.000000
-326	26.822400	0.000000	0.000000
-327	26.693861	0.000287	0.007681
-328	26.822400	0.000000	0.000000
-329	26.822400	0.000000	0.000000
-330	26.809898	0.000246	0.006604
-331	26.807024	0.000244	0.006543
-332	26.822400	0.000000	0.000000
-333	26.822400	0.000000	0.000000
-334	26.871246	0.000284	0.007635
-335	26.822400	0.000000	0.000000
-336	26.898533	0.000061	0.001648
-337	26.822400	0.000000	0.000000
-338	27.129985	0.000087	0.002334
-339	26.822400	0.000000	0.000000
-340	29.124652	0.000000	0.000000
-341	28.738317	0.000322	0.009253
-342	28.699951	0.000000	0.000000
-343	28.973794	0.000083	0.002410
-344	26.822400	0.000000	0.000000
-345	26.822400	0.000000	0.000000
-346	26.755517	0.000644	0.017254
