-1	29.124652	0.000000	0.000000
-2	29.124652	0.004676	0.135945
-3	29.124652	0.004659	0.135469
-4	30.026185	0.004741	0.142129
-5	30.026185	0.007763	0.232680
-6	30.026185	0.007735	0.231852
-7	30.026185	0.007708	0.231020
-8	30.139428	0.007414	0.223048
-9	30.139428	0.006261	0.188347
-10	30.139428	0.006237	0.187610
-11	30.237788	0.005686	0.171585
-12	30.237788	0.005666	0.171005
-13	30.237787	0.005647	0.170433
-14	30.506014	0.006268	0.190837
-15	30.506008	0.005870	0.178729
-16	30.505987	0.005847	0.178033
-17	30.505937	0.005469	0.166520
-18	30.505820	0.005448	0.165873
-19	30.308932	0.005099	0.154239
-20	30.308648	0.005083	0.153771
-21	30.308160	0.005067	0.153288
-22	30.307390	0.004718	0.142706
-23	30.302774	0.004353	0.131673
-24	30.754787	0.004326	0.132822
-25	30.749427	0.003979	0.122188
-26	27.328379	0.004382	0.119603
-27	27.322274	0.004367	0.119196
-28	29.079544	0.004124	0.119853
-29	29.068213	0.004102	0.119215
-30	29.062125	0.004088	0.118822
-31	29.058329	0.003787	0.110085
-32	29.057288	0.003776	0.109794
-33	27.564482	0.003696	0.101967
-34	27.568798	0.003688	0.101754
-35	27.574762	0.003681	0.101576
-36	27.581826	0.003675	0.101424
-37	27.589615	0.003404	0.093962
-38	27.595103	0.003401	0.093896
-39	29.131073	0.003263	0.095071
-40	29.136502	0.003261	0.095029
-41	29.141014	0.003260	0.095002
-42	29.144552	0.003022	0.088067
-43	29.236398	0.003093	0.090444
-44	21.458565	0.004198	0.090095
-45	21.457206	0.004200	0.090140
-46	21.454122	0.004202	0.090197
-47	21.449529	0.004205	0.090262
-48	21.437863	0.003918	0.084118
-49	21.425966	0.003924	0.084246
-50	29.089718	0.002879	0.083979
-51	29.072641	0.002884	0.084113
-52	29.053834	0.002889	0.084268
-53	29.034194	0.002690	0.078498
-54	29.014488	0.002697	0.078691
-55	29.196105	0.002484	0.073011
-56	28.912914	0.002662	0.077532
-57	28.900121	0.002671	0.077800
-58	28.891595	0.002681	0.078098
-59	28.976787	0.002784	0.081356
-60	28.978273	0.001627	0.047597
-61	29.240867	0.001602	0.047279
-62	29.251360	0.001612	0.047573
-63	28.255116	0.001676	0.047765
-64	28.271800	0.001687	0.048098
-65	28.290630	0.001700	0.048458
-66	28.309113	0.001712	0.048816
-67	28.326897	0.001725	0.049181
-68	28.343507	0.001738	0.049556
-69	28.357852	0.001751	0.049922
-70	28.786097	0.001769	0.051173
-71	28.794689	0.001779	0.051463
-72	28.804582	0.001792	0.051844
-73	28.813640	0.001806	0.052225
-74	28.822555	0.001819	0.052607
-75	28.831814	0.001832	0.052984
-76	25.680520	0.002031	0.052300
-77	25.692027	0.002045	0.052652
-78	27.969511	0.001689	0.047291
-79	27.987495	0.001699	0.047567
-80	26.383475	0.001752	0.046199
-81	26.419452	0.001765	0.046525
-82	26.461090	0.001777	0.046841
-83	26.505213	0.001608	0.042388
-84	23.537048	0.001757	0.041051
-85	22.944658	0.001949	0.044331
-86	22.958430	0.001959	0.044535
-87	22.961807	0.001968	0.044737
-88	22.939917	0.001639	0.037249
-89	22.916233	0.001646	0.037412
-90	29.381984	0.001308	0.038155
-91	29.357598	0.001312	0.038255
-92	29.334338	0.001315	0.038351
-93	29.310493	0.001319	0.038460
-94	29.291615	0.001322	0.038560
-95	29.276875	0.001326	0.038658
-96	29.266469	0.001329	0.038751
-97	29.259687	0.001332	0.038840
-98	29.334153	0.001265	0.036980
-99	29.332429	0.001267	0.037048
-100	29.331744	0.001270	0.037118
-101	29.331423	0.001070	0.031264
-102	29.330876	0.001071	0.031299
-103	29.687326	0.000868	0.025673
-104	29.682822	0.000869	0.025690
-105	29.361234	0.000815	0.023857
-106	29.351313	0.000816	0.023869
-107	29.339093	0.000816	0.023878
-108	29.325238	0.000817	0.023885
-109	29.310394	0.000817	0.023891
-110	29.295557	0.000817	0.023897
-111	29.281521	0.000817	0.023903
-112	29.268886	0.000817	0.023909
-113	29.258453	0.000818	0.023916
-114	29.250069	0.000818	0.023924
-115	29.244135	0.000557	0.016285
-116	29.240631	0.000557	0.016286
-117	29.239248	0.000557	0.016287
-118	28.498311	0.000559	0.015936
-119	28.499263	0.000559	0.015938
-120	28.500077	0.000559	0.015940
-121	28.946838	0.000570	0.016507
-122	28.945006	0.000521	0.015071
-123	28.940844	0.000520	0.015060
-124	28.397866	0.000521	0.014813
-125	28.388721	0.000521	0.014803
-126	28.377895	0.000521	0.014794
-127	28.366379	0.000520	0.014786
-128	28.404125	0.000549	0.015638
-129	28.396956	0.000549	0.015633
-130	28.391868	0.000549	0.015630
-131	28.390883	0.000488	0.013885
-132	28.441400	0.000455	0.012955
-133	28.447966	0.000454	0.012949
-134	29.270140	0.000462	0.013551
-135	29.281537	0.000462	0.013544
-136	28.456519	0.000485	0.013804
-137	28.468091	0.000484	0.013795
-138	28.478719	0.000484	0.013785
-139	29.102714	0.000475	0.013819
-140	29.111172	0.000475	0.013806
-141	29.118712	0.000474	0.013790
-142	28.285834	0.000493	0.013936
-143	28.292075	0.000493	0.013914
-144	28.680012	0.000474	0.013560
-145	28.699951	0.000000	0.000000
-146	28.699951	0.000847	0.024275
-147	28.699951	0.000844	0.024190
-148	28.789432	0.000591	0.016983
-149	28.789432	0.000967	0.027803
-150	28.789432	0.000964	0.027704
-151	28.789432	0.000961	0.027605
-152	28.789374	0.001205	0.034642
-153	28.789374	0.001018	0.029252
-154	28.789374	0.001014	0.029138
-155	28.789397	0.001533	0.044055
-156	28.789397	0.001528	0.043911
-157	28.789396	0.001523	0.043764
-158	28.699944	0.000780	0.022340
-159	28.699939	0.000730	0.020925
-160	28.699917	0.000728	0.020842
-161	28.699865	0.000681	0.019494
-162	28.699747	0.000678	0.019418
-163	29.146582	0.001046	0.030432
-164	29.146282	0.001043	0.030336
-165	29.145824	0.001040	0.030244
-166	29.145039	0.000968	0.028154
-167	29.140391	0.000893	0.025976
-168	27.348890	0.000886	0.024203
-169	27.343965	0.000815	0.022265
-170	28.590623	0.000853	0.024364
-171	28.584301	0.000850	0.024281
-172	28.755809	0.000806	0.023161
-173	28.744458	0.000801	0.023036
-174	28.738516	0.000799	0.022961
-175	28.734795	0.000740	0.021273
-176	28.733795	0.000738	0.021216
-177	28.467882	0.001008	0.028725
-178	28.472283	0.001006	0.028665
-179	28.478416	0.001004	0.028614
-180	28.485784	0.001002	0.028571
-181	28.493681	0.000928	0.026469
-182	28.499464	0.000928	0.026450
-183	28.863066	0.000873	0.025203
-184	28.868439	0.000873	0.025192
-185	28.872901	0.000872	0.025185
-186	28.876394	0.000808	0.023346
-187	29.012872	0.000723	0.020976
-188	28.745847	0.000743	0.021359
-189	28.744792	0.000743	0.021368
-190	28.741249	0.000744	0.021381
-191	28.735510	0.000744	0.021396
-192	28.723261	0.000693	0.019934
-193	28.706939	0.000694	0.019965
-194	28.777188	0.000706	0.020375
-195	28.760270	0.000707	0.020407
-196	28.741655	0.000708	0.020445
-197	28.722228	0.000660	0.019045
-198	28.702751	0.000661	0.019092
-199	28.550877	0.000871	0.025044
-200	29.335320	0.000705	0.020828
-201	29.322276	0.000707	0.020900
-202	29.313551	0.000710	0.020980
-203	28.732511	0.000625	0.018122
-204	28.734053	0.000366	0.010603
-205	28.741297	0.000390	0.011311
-206	28.751630	0.000392	0.011381
-207	28.721658	0.000400	0.011600
-208	28.738598	0.000403	0.011681
-209	28.757722	0.000406	0.011768
-210	28.776534	0.000409	0.011855
-211	28.794630	0.000412	0.011944
-212	28.811538	0.000415	0.012035
-213	28.826153	0.000418	0.012124
-214	28.931179	0.000394	0.011449
-215	28.939708	0.000396	0.011513
-216	28.949713	0.000399	0.011599
-217	28.958816	0.000402	0.011684
-218	28.967772	0.000405	0.011770
-219	28.977077	0.000408	0.011854
-220	28.900003	0.000452	0.013104
-221	28.912660	0.000455	0.013192
-222	28.797419	0.000302	0.008698
-223	28.815705	0.000303	0.008749
-224	24.681423	0.000429	0.010575
-225	24.714770	0.000432	0.010648
-226	24.753851	0.000435	0.010720
-227	24.794938	0.000394	0.009701
-228	29.071979	0.000394	0.011371
-229	29.020732	0.000293	0.008417
-230	29.041421	0.000294	0.008459
-231	29.048831	0.000295	0.008497
-232	29.029147	0.000246	0.007072
-233	28.997410	0.000247	0.007106
-234	28.953289	0.000228	0.006556
-235	28.929274	0.000229	0.006573
-236	28.905919	0.000229	0.006590
-237	28.882805	0.000230	0.006608
-238	28.864273	0.000231	0.006626
-239	28.849803	0.000231	0.006643
-240	28.839602	0.000232	0.006659
-241	28.832962	0.000232	0.006674
-242	29.143256	0.000297	0.008639
-243	29.141589	0.000298	0.008655
-244	29.140899	0.000299	0.008671
-245	29.140577	0.000252	0.007304
-246	29.140050	0.000252	0.007312
-247	26.285609	0.000216	0.005662
-248	26.281608	0.000216	0.005666
-249	29.035721	0.000260	0.007517
-250	29.025887	0.000260	0.007520
-251	29.013777	0.000260	0.007523
-252	29.000069	0.000260	0.007525
-253	28.985388	0.000260	0.007527
-254	28.970723	0.000260	0.007529
-255	28.956860	0.000260	0.007531
-256	28.944389	0.000260	0.007533
-257	28.934096	0.000260	0.007535
-258	28.925832	0.000261	0.007538
-259	28.919993	0.000177	0.005131
-260	28.916551	0.000177	0.005131
-261	28.915200	0.000177	0.005131
-262	28.915381	0.000190	0.005484
-263	28.916349	0.000190	0.005485
-264	28.917189	0.000190	0.005486
-265	28.872399	0.000170	0.004921
-266	28.870567	0.000156	0.004493
-267	28.866406	0.000156	0.004490
-268	28.814933	0.000164	0.004723
-269	28.805675	0.000164	0.004720
-270	28.794705	0.000164	0.004717
-271	28.783009	0.000164	0.004714
-272	28.682958	0.000134	0.003853
-273	28.675668	0.000134	0.003852
-274	28.670518	0.000134	0.003851
-275	28.669408	0.000119	0.003421
-276	27.427349	0.000158	0.004336
-277	27.433297	0.000158	0.004334
-278	29.180978	0.000127	0.003724
-279	29.192276	0.000127	0.003722
-280	28.668544	0.000120	0.003451
-281	28.680207	0.000120	0.003449
-282	28.690924	0.000120	0.003446
-283	28.879233	0.000118	0.003398
-284	28.887620	0.000118	0.003395
-285	28.895093	0.000117	0.003391
-286	28.990300	0.000111	0.003226
-287	28.996689	0.000111	0.003221
-288	28.914911	0.000122	0.003531
-289	26.822400	0.006004	0.160782
-290	26.822400	0.005992	0.160450
-291	26.822400	0.002161	0.057893
-292	26.822400	0.000000	0.000000
-293	26.822400	0.001461	0.039162
-294	26.822400	0.000000	0.000000
-295	26.822400	0.000000	0.000000
-296	26.822327	0.000479	0.012831
-297	26.822305	0.000451	0.012070
-298	26.822400	0.000000	0.000000
-299	26.819616	0.000451	0.012074
-300	26.817274	0.000449	0.012030
-301	26.822400	0.000000	0.000000
-302	26.822400	0.000000	0.000000
-303	26.822400	0.000000	0.000000
-304	26.771810	0.000373	0.009982
-305	26.822400	0.000000	0.000000
-306	26.798266	0.000351	0.009392
-307	26.822400	0.000000	0.000000
-308	26.820503	0.000327	0.008756
-309	26.822400	0.000000	0.000000
-310	26.822400	0.000000	0.000000
-311	26.806185	0.000290	0.007767
-312	26.822400	0.000000	0.000000
-313	26.716309	0.000275	0.007390
-314	26.822400	0.000000	0.000000
-315	26.822400	0.000000	0.000000
-316	26.654237	0.001558	0.041843
-317	26.822400	0.000000	0.000000
-318	26.822400	0.000000	0.000000
-319	26.822400	0.000000	0.000000
-320	26.822400	0.000000	0.000000
-321	26.871309	0.000384	0.010330
-322	26.822400	0.000000	0.000000
-323	26.822400	0.000000	0.000000
-324	27.045769	0.000217	0.005846
-325	26.822400	0.000000	0.000000
-326	26.822400	0.000000	0.000000
-327	27.133896	0.000345	0.009268
-328	26.822400	0.000000	0.000000
-329	26.822400	0.000000	0.000000
-330	26.939324	0.000273	0.007320
-331	26.937413	0.000273	0.007326
-332	26.822400	0.000000	0.000000
-333	26.822400	0.000000	0.000000
-334	26.818186	0.000375	0.010062
-335	26.822400	0.000000	0.000000
-336	26.811437	0.000070	0.001879
-337	26.822400	0.000000	0.000000
-338	26.751193	0.000081	0.002168
-339	26.822400	0.000000	0.000000
-340	29.124652	0.000000	0.000000
-341	28.685992	0.000472	0.013520
-342	28.699951	0.000000	0.000000
-343	28.921074	0.000122	0.003520
-344	26.822400	0.000000	0.000000
-345	26.822400	0.000000	0.000000
-346	26.803128	0.000445	0.011914
