-1	29.124652	0.000000	0.000000
-2	29.124652	0.006547	0.190539
-3	29.124652	0.006537	0.190223
-4	30.026185	0.006664	0.199936
-5	30.026185	0.011866	0.356029
-6	30.026185	0.011848	0.355502
-7	30.026185	0.011831	0.354973
-8	30.139428	0.011404	0.343451
-9	30.139428	0.010653	0.320827
-10	30.139428	0.010637	0.320340
-11	30.237788	0.009727	0.293895
-12	30.237787	0.009714	0.293512
-13	30.237786	0.009702	0.293134
-14	30.506008	0.010799	0.329196
-15	30.505996	0.010579	0.322480
-16	30.505957	0.010563	0.321984
-17	30.505858	0.010348	0.315439
-18	30.505630	0.010332	0.314939
-19	30.308565	0.009689	0.293435
-20	30.308012	0.009677	0.293074
-21	30.307060	0.009665	0.292702
-22	30.305559	0.008970	0.271673
-23	30.296592	0.008269	0.250488
-24	30.744886	0.008241	0.253379
-25	30.734491	0.007558	0.232409
-26	27.310234	0.008345	0.228114
-27	27.298440	0.008339	0.227963
-28	29.047802	0.007897	0.229831
-29	29.026618	0.007891	0.229705
-30	29.015722	0.007889	0.229674
-31	29.009829	0.007302	0.212600
-32	29.009957	0.007304	0.212707
-33	27.524230	0.007174	0.198189
-34	27.535946	0.007181	0.198396
-35	27.550892	0.007189	0.198645
-36	27.567519	0.007199	0.198937
-37	27.584433	0.006670	0.184347
-38	27.595488	0.006680	0.184612
-39	29.136368	0.006422	0.187344
-40	29.145185	0.006433	0.187667
-41	29.151959	0.006444	0.187983
-42	29.157333	0.005960	0.173853
-43	29.251287	0.006112	0.178837
-44	21.472953	0.008312	0.178498
-45	21.476468	0.008329	0.178865
-46	21.479317	0.008344	0.179187
-47	21.481445	0.008358	0.179471
-48	21.482677	0.007746	0.166335
-49	21.482176	0.007761	0.166641
-50	29.178312	0.005695	0.166118
-51	29.175303	0.005703	0.166345
-52	29.171286	0.005711	0.166569
-53	29.166683	0.005275	0.153858
-54	29.161891	0.005283	0.154082
-55	29.358619	0.004861	0.142772
-56	29.086303	0.005201	0.151360
-57	29.083108	0.005209	0.151581
-58	29.080712	0.005217	0.151806
-59	29.168518	0.005404	0.157733
-60	29.167501	0.003870	0.112938
-61	29.423998	0.003789	0.111530
-62	29.423792	0.003792	0.111612
-63	28.406814	0.003919	0.111373
-64	28.406815	0.003922	0.111461
-65	28.406810	0.003925	0.111553
-66	28.406804	0.003928	0.111642
-67	28.406860	0.003931	0.111730
-68	28.407103	0.003935	0.111819
-69	28.407652	0.003938	0.111903
-70	28.822616	0.003945	0.113759
-71	28.823904	0.003948	0.113823
-72	28.826322	0.003951	0.113905
-73	28.829530	0.003953	0.113984
-74	28.833564	0.003956	0.114060
-75	28.838251	0.003959	0.114132
-76	25.679762	0.004354	0.111748
-77	25.684605	0.004356	0.111805
-78	27.949961	0.003773	0.105379
-79	27.954543	0.003776	0.105438
-80	26.325662	0.003867	0.101662
-81	26.328922	0.003869	0.101714
-82	26.330709	0.003870	0.101756
-83	26.331046	0.003657	0.096159
-84	23.340944	0.003972	0.092575
-85	22.723515	0.004381	0.099425
-86	22.721906	0.004383	0.099470
-87	22.720143	0.004385	0.099511
-88	22.717011	0.003702	0.084015
-89	22.714700	0.003705	0.084095
-90	29.156266	0.002934	0.085485
-91	29.153569	0.002936	0.085534
-92	29.150422	0.002938	0.085581
-93	29.145956	0.002939	0.085634
-94	29.140759	0.002941	0.085684
-95	29.134341	0.002943	0.085735
-96	29.126710	0.002945	0.085784
-97	29.117724	0.002946	0.085835
-98	29.184424	0.002793	0.081590
-99	29.173964	0.002795	0.081638
-100	29.161678	0.002797	0.081696
-101	29.149798	0.002354	0.068788
-102	29.140674	0.002357	0.068867
-103	29.488575	0.001913	0.056599
-104	29.485011	0.001917	0.056730
-105	29.174144	0.001803	0.052783
-106	29.180109	0.001807	0.052917
-107	29.189818	0.001812	0.053055
-108	29.201742	0.001816	0.053196
-109	29.214297	0.001821	0.053339
-110	29.225803	0.001826	0.053482
-111	29.235163	0.001831	0.053625
-112	29.241893	0.001836	0.053766
-113	29.245914	0.001841	0.053901
-114	29.247752	0.001845	0.054037
-115	29.247871	0.001258	0.036837
-116	29.246906	0.001261	0.036912
-117	29.245508	0.001263	0.036986
-118	28.503012	0.001271	0.036257
-119	28.502605	0.001273	0.036327
-120	28.503563	0.001276	0.036395
-121	28.953366	0.001303	0.037753
-122	28.958309	0.001155	0.033462
-123	28.965991	0.001157	0.033534
-124	28.439792	0.001163	0.033076
-125	28.452772	0.001165	0.033143
-126	28.467487	0.001167	0.033205
-127	28.482960	0.001170	0.033263
-128	28.546055	0.001238	0.035252
-129	28.556333	0.001239	0.035292
-130	28.564434	0.001240	0.035326
-131	28.571804	0.001116	0.031774
-132	28.617447	0.001041	0.029679
-133	28.616003	0.001041	0.029679
-134	29.432461	0.001060	0.031070
-135	29.429463	0.001059	0.031061
-136	28.586676	0.001112	0.031663
-137	28.587469	0.001111	0.031644
-138	28.590970	0.001110	0.031622
-139	29.213582	0.001090	0.031700
-140	29.220438	0.001089	0.031670
-141	29.226977	0.001088	0.031638
-142	28.389523	0.001132	0.031977
-143	28.391965	0.001131	0.031936
-144	28.771790	0.001088	0.031142
-145	28.699951	0.000000	0.000000
-146	28.699951	0.001186	0.034024
-147	28.699951	0.001184	0.033968
-148	28.789432	0.000831	0.023893
-149	28.789432	0.001479	0.042546
-150	28.789432	0.001477	0.042483
-151	28.789432	0.001475	0.042420
-152	28.789374	0.001854	0.053348
-153	28.789374	0.001732	0.049834
-154	28.789374	0.001730	0.049758
-155	28.789397	0.002623	0.075471
-156	28.789396	0.002620	0.075376
-157	28.789395	0.002617	0.075279
-158	28.699937	0.001344	0.038543
-159	28.699927	0.001317	0.037758
-160	28.699885	0.001315	0.037699
-161	28.699785	0.001288	0.036933
-162	28.699554	0.001286	0.036874
-163	29.146223	0.001988	0.057899
-164	29.145639	0.001985	0.057824
-165	29.144746	0.001983	0.057754
-166	29.143218	0.001840	0.053603
-167	29.134191	0.001697	0.049423
-168	27.339533	0.001689	0.046186
-169	27.329986	0.001549	0.042365
-170	28.571872	0.001625	0.046463
-171	28.559653	0.001624	0.046432
-172	28.724442	0.001543	0.044413
-173	28.703245	0.001542	0.044389
-174	28.692607	0.001542	0.044383
-175	28.686848	0.001427	0.041084
-176	28.687039	0.001427	0.041105
-177	28.426068	0.001957	0.055826
-178	28.438055	0.001958	0.055884
-179	28.453456	0.001961	0.055954
-180	28.470825	0.001963	0.056037
-181	28.488039	0.001819	0.051925
-182	28.499707	0.001822	0.052001
-183	28.868343	0.001718	0.049665
-184	28.877063	0.001721	0.049750
-185	28.883762	0.001724	0.049834
-186	28.889076	0.001595	0.046088
-187	29.027669	0.001428	0.041478
-188	28.763482	0.001470	0.042298
-189	28.768351	0.001473	0.042386
-190	28.772444	0.001476	0.042465
-191	28.775628	0.001479	0.042536
-192	28.778041	0.001370	0.039413
-193	28.777783	0.001373	0.039491
-194	28.864981	0.001397	0.040303
-195	28.861993	0.001399	0.040358
-196	28.858012	0.001401	0.040412
-197	28.853457	0.001294	0.037329
-198	28.848720	0.001296	0.037383
-199	28.710070	0.001705	0.048972
-200	29.511099	0.001377	0.040663
-201	29.507845	0.001379	0.040722
-202	29.505403	0.001381	0.040783
-203	28.922615	0.001214	0.035135
-204	28.921605	0.000869	0.025157
-205	28.921087	0.000922	0.026679
-206	28.920887	0.000923	0.026698
-207	28.876138	0.000936	0.027050
-208	28.876140	0.000937	0.027071
-209	28.876135	0.000938	0.027094
-210	28.876127	0.000939	0.027115
-211	28.876181	0.000939	0.027137
-212	28.876423	0.000940	0.027158
-213	28.876973	0.000941	0.027179
-214	28.967881	0.000878	0.025452
-215	28.969152	0.000879	0.025466
-216	28.971590	0.000879	0.025485
-217	28.974810	0.000880	0.025502
-218	28.978860	0.000881	0.025520
-219	28.983570	0.000881	0.025536
-220	28.900201	0.000970	0.028021
-221	28.905639	0.000971	0.028035
-222	28.777791	0.000674	0.019387
-223	28.782501	0.000675	0.019397
-224	24.624562	0.000946	0.023258
-225	24.627480	0.000946	0.023269
-226	24.629058	0.000947	0.023279
-227	24.629297	0.000894	0.021999
-228	28.837946	0.000891	0.025671
-229	28.746360	0.000658	0.018900
-230	28.744220	0.000659	0.018909
-231	28.742034	0.000659	0.018917
-232	28.738474	0.000556	0.015968
-233	28.735359	0.000557	0.015984
-234	28.731077	0.000512	0.014688
-235	28.728419	0.000512	0.014697
-236	28.725232	0.000512	0.014705
-237	28.720870	0.000513	0.014714
-238	28.715737	0.000513	0.014723
-239	28.709389	0.000513	0.014731
-240	28.701849	0.000513	0.014740
-241	28.692974	0.000514	0.014748
-242	28.994269	0.000657	0.019061
-243	28.984268	0.000657	0.019072
-244	28.971869	0.000658	0.019085
-245	28.960074	0.000554	0.016070
-246	28.951132	0.000554	0.016088
-247	26.110134	0.000477	0.012486
-248	26.107439	0.000478	0.012514
-249	28.850882	0.000574	0.016631
-250	28.856820	0.000576	0.016673
-251	28.866451	0.000577	0.016717
-252	28.878247	0.000579	0.016761
-253	28.890652	0.000580	0.016806
-254	28.902007	0.000582	0.016851
-255	28.911234	0.000583	0.016896
-256	28.917859	0.000585	0.016940
-257	28.921811	0.000586	0.016983
-258	28.923609	0.000588	0.017026
-259	28.923715	0.000401	0.011606
-260	28.922757	0.000402	0.011630
-261	28.921375	0.000403	0.011653
-262	28.920171	0.000431	0.012478
-263	28.919738	0.000432	0.012502
-264	28.920680	0.000433	0.012525
-265	28.878929	0.000389	0.011255
-266	28.883864	0.000345	0.009976
-267	28.891536	0.000346	0.009997
-268	28.857148	0.000365	0.010546
-269	28.870298	0.000366	0.010567
-270	28.885212	0.000367	0.010587
-271	28.900920	0.000368	0.010605
-272	28.826084	0.000302	0.008685
-273	28.836535	0.000302	0.008695
-274	28.844728	0.000303	0.008703
-275	28.852197	0.000272	0.007828
-276	27.596487	0.000361	0.009933
-277	27.595180	0.000361	0.009933
-278	29.342675	0.000292	0.008538
-279	29.339709	0.000292	0.008535
-280	28.799749	0.000276	0.007916
-281	28.800527	0.000276	0.007911
-282	28.804039	0.000276	0.007905
-283	28.989238	0.000270	0.007795
-284	28.996039	0.000270	0.007788
-285	29.002512	0.000270	0.007780
-286	29.096642	0.000256	0.007402
-287	29.099220	0.000255	0.007393
-288	29.007651	0.000281	0.008110
-289	26.822400	0.008393	0.224936
-290	26.822400	0.008385	0.224716
-291	26.822400	0.001835	0.049167
-292	26.822400	0.000000	0.000000
-293	26.822400	0.000953	0.025546
-294	26.822400	0.000000	0.000000
-295	26.822400	0.000000	0.000000
-296	26.822257	0.000264	0.007082
-297	26.822215	0.000252	0.006754
-298	26.822400	0.000000	0.000000
-299	26.816979	0.000922	0.024683
-300	26.812426	0.000918	0.024589
-301	26.822400	0.000000	0.000000
-302	26.822400	0.000000	0.000000
-303	26.822400	0.000000	0.000000
-304	26.728618	0.000761	0.020387
-305	26.822400	0.000000	0.000000
-306	26.794512	0.000714	0.019144
-307	26.822400	0.000000	0.000000
-308	26.832634	0.000681	0.018268
-309	26.822400	0.000000	0.000000
-310	26.822400	0.000000	0.000000
-311	26.853344	0.000625	0.016756
-312	26.822400	0.000000	0.000000
-313	26.839953	0.000599	0.016066
-314	26.822400	0.000000	0.000000
-315	26.822400	0.000000	0.000000
-316	26.820421	0.002056	0.055229
-317	26.822400	0.000000	0.000000
-318	26.822400	0.000000	0.000000
-319	26.822400	0.000000	0.000000
-320	26.822400	0.000000	0.000000
-321	26.853224	0.000565	0.015146
-322	26.822400	0.000000	0.000000
-323	26.822400	0.000000	0.000000
-324	26.868423	0.000259	0.006916
-325	26.822400	0.000000	0.000000
-326	26.822400	0.000000	0.000000
-327	26.858762	0.000692	0.018531
-328	26.822400	0.000000	0.000000
-329	26.822400	0.000000	0.000000
-330	26.760049	0.000598	0.016038
-331	26.766888	0.000596	0.015971
-332	26.822400	0.000000	0.000000
-333	26.822400	0.000000	0.000000
-334	26.822265	0.000850	0.022825
-335	26.822400	0.000000	0.000000
-336	26.832534	0.000211	0.005646
-337	26.822400	0.000000	0.000000
-338	26.922544	0.000167	0.004482
-339	26.822400	0.000000	0.000000
-340	29.124652	0.000000	0.000000
-341	28.766319	0.001086	0.031072
-342	28.699951	0.000000	0.000000
-343	29.001990	0.000280	0.008091
-344	26.822400	0.000000	0.000000
-345	26.822400	0.000000	0.000000
-346	26.785130	0.000911	0.024387
