-1	29.124652	0.000000	0.000000
-2	29.124652	0.006474	0.188321
-3	29.124652	0.006458	0.187855
-4	30.026185	0.006578	0.197289
-5	30.026185	0.011775	0.353155
-6	30.026185	0.011748	0.352356
-7	30.026185	0.011721	0.351555
-8	30.139428	0.011289	0.339875
-9	30.139428	0.010649	0.320588
-10	30.139428	0.010624	0.319834
-11	30.237788	0.009705	0.293110
-12	30.237788	0.009685	0.292516
-13	30.237788	0.009666	0.291930
-14	30.506017	0.010748	0.327509
-15	30.506015	0.010575	0.322219
-16	30.506007	0.010550	0.321458
-17	30.505987	0.010377	0.316174
-18	30.505940	0.010352	0.315416
-19	30.309165	0.009701	0.293673
-20	30.309051	0.009683	0.293125
-21	30.308855	0.009664	0.292558
-22	30.308546	0.009439	0.285725
-23	30.306662	0.009189	0.278136
-24	30.761005	0.009143	0.280915
-25	30.758787	0.008913	0.273814
-26	27.339730	0.009824	0.268275
-27	27.337162	0.009799	0.267603
-28	29.099353	0.009263	0.269299
-29	29.094414	0.009224	0.268187
-30	29.091708	0.009199	0.267474
-31	29.089969	0.008987	0.261309
-32	29.089441	0.008963	0.260620
-33	27.593904	0.008773	0.241981
-34	27.595863	0.008750	0.241352
-35	27.598617	0.008728	0.240741
-36	27.601874	0.008705	0.240121
-37	27.605370	0.008504	0.234571
-38	27.607747	0.008486	0.234052
-39	29.140889	0.008125	0.236526
-40	29.143046	0.008104	0.235909
-41	29.144903	0.008083	0.235299
-42	29.146637	0.007900	0.229951
-43	29.237791	0.008065	0.235483
-44	21.460816	0.010900	0.233563
-45	21.462295	0.010859	0.232678
-46	21.462953	0.010821	0.231860
-47	21.462491	0.010786	0.231098
-48	21.457718	0.010521	0.225394
-49	21.451241	0.010476	0.224428
-50	29.129421	0.007654	0.222729
-51	29.118115	0.007628	0.221979
-52	29.105195	0.007603	0.221238
-53	29.091604	0.007429	0.216178
-54	29.078191	0.007404	0.215447
-55	29.266683	0.006781	0.198700
-56	28.989158	0.007222	0.209692
-57	28.982115	0.007200	0.209089
-58	28.978457	0.007180	0.208525
-59	29.067385	0.007408	0.215833
-60	29.070811	0.006157	0.179345
-61	29.334126	0.006004	0.176452
-62	29.342715	0.005989	0.176022
-63	28.339253	0.006169	0.175059
-64	28.350180	0.006155	0.174650
-65	28.361235	0.006140	0.174239
-66	28.370798	0.006126	0.173849
-67	28.378612	0.006112	0.173464
-68	28.384398	0.006099	0.173075
-69	28.387941	0.006085	0.172700
-70	28.802785	0.006075	0.174915
-71	28.802876	0.006065	0.174612
-72	28.801841	0.006051	0.174209
-73	28.800132	0.006037	0.173797
-74	28.798192	0.006022	0.173372
-75	28.796459	0.006007	0.172942
-76	25.635341	0.006581	0.168657
-77	25.634933	0.006564	0.168225
-78	27.890435	0.004816	0.134353
-79	27.890936	0.004810	0.134186
-80	26.261572	0.004913	0.129055
-81	26.261909	0.004905	0.128826
-82	26.261527	0.004896	0.128588
-83	26.260275	0.004587	0.120446
-84	23.277106	0.004964	0.115544
-85	22.660695	0.005457	0.123670
-86	22.658774	0.005445	0.123399
-87	22.656928	0.005432	0.123113
-88	22.654500	0.004843	0.109651
-89	22.653102	0.004819	0.109105
-90	29.079125	0.003792	0.110236
-91	29.078061	0.003779	0.109857
-92	29.076996	0.003766	0.109475
-93	29.075800	0.003751	0.109025
-94	29.074838	0.003736	0.108588
-95	29.074309	0.003720	0.108137
-96	29.074526	0.003705	0.107687
-97	29.075746	0.003689	0.107237
-98	29.156580	0.003479	0.101395
-99	29.159796	0.003466	0.101004
-100	29.164355	0.003451	0.100562
-101	29.169419	0.003070	0.089398
-102	29.173750	0.003055	0.088946
-103	29.536204	0.002647	0.077953
-104	29.539195	0.002626	0.077317
-105	29.227560	0.002442	0.071137
-106	29.226422	0.002421	0.070517
-107	29.223114	0.002400	0.069893
-108	29.217909	0.002379	0.069267
-109	29.211155	0.002357	0.068632
-110	29.203455	0.002335	0.067996
-111	29.195456	0.002314	0.067362
-112	29.187857	0.002292	0.066727
-113	29.181622	0.002271	0.066111
-114	29.177247	0.002249	0.065483
-115	29.175527	0.001242	0.036175
-116	29.176762	0.001231	0.035853
-117	29.180674	0.001220	0.035534
-118	28.446863	0.001214	0.034446
-119	28.453178	0.001202	0.034130
-120	28.458384	0.001191	0.033817
-121	28.907265	0.001204	0.034699
-122	28.906071	0.001084	0.031244
-123	28.900016	0.001074	0.030946
-124	28.353207	0.001066	0.030161
-125	28.337088	0.001056	0.029864
-126	28.317658	0.001045	0.029572
-127	28.296932	0.001035	0.029280
-128	28.326259	0.001083	0.030683
-129	28.313700	0.001075	0.030448
-130	28.305101	0.001067	0.030227
-131	28.303789	0.000931	0.026375
-132	28.356770	0.000857	0.024326
-133	28.365286	0.000850	0.024128
-134	29.186117	0.000859	0.025072
-135	29.195619	0.000851	0.024846
-136	28.366535	0.000885	0.025107
-137	28.366480	0.000877	0.024879
-138	28.361007	0.000869	0.024657
-139	28.963360	0.000846	0.024527
-140	28.951454	0.000839	0.024322
-141	28.939553	0.000832	0.024125
-142	28.097462	0.000861	0.024242
-143	28.091132	0.000854	0.024056
-144	28.468558	0.000815	0.023273
-145	28.699951	0.000000	0.000000
-146	28.699951	0.001173	0.033628
-147	28.699951	0.001170	0.033544
-148	28.789432	0.000820	0.023576
-149	28.789432	0.001467	0.042201
-150	28.789432	0.001464	0.042106
-151	28.789432	0.001461	0.042010
-152	28.789374	0.001836	0.052791
-153	28.789374	0.001732	0.049795
-154	28.789374	0.001728	0.049677
-155	28.789397	0.002617	0.075265
-156	28.789397	0.002612	0.075117
-157	28.789397	0.002607	0.074968
-158	28.699948	0.001338	0.038343
-159	28.699946	0.001316	0.037726
-160	28.699937	0.001313	0.037636
-161	28.699917	0.001291	0.037017
-162	28.699870	0.001288	0.036928
-163	29.146809	0.001990	0.057945
-164	29.146689	0.001987	0.057832
-165	29.146505	0.001983	0.057725
-166	29.146190	0.001937	0.056373
-167	29.144290	0.001885	0.054873
-168	27.354764	0.001874	0.051196
-169	27.352723	0.001827	0.049900
-170	28.602355	0.001913	0.054647
-171	28.599696	0.001908	0.054511
-172	28.775384	0.001810	0.052041
-173	28.770434	0.001802	0.051822
-174	28.767793	0.001798	0.051686
-175	28.766088	0.001756	0.050495
-176	28.765580	0.001752	0.050362
-177	28.498347	0.002393	0.068169
-178	28.500342	0.002387	0.067992
-179	28.503175	0.002381	0.067820
-180	28.506573	0.002374	0.067643
-181	28.510123	0.002320	0.066084
-182	28.512631	0.002315	0.065935
-183	28.872763	0.002174	0.062700
-184	28.874898	0.002168	0.062537
-185	28.876737	0.002163	0.062375
-186	28.878454	0.002114	0.060958
-187	29.014259	0.001885	0.054614
-188	28.747937	0.001931	0.055434
-189	28.750188	0.001924	0.055224
-190	28.751489	0.001917	0.055026
-191	28.751341	0.001911	0.054840
-192	28.747365	0.001865	0.053520
-193	28.738864	0.001856	0.053274
-194	28.816526	0.001877	0.054035
-195	28.805321	0.001871	0.053853
-196	28.792531	0.001864	0.053673
-197	28.779089	0.001822	0.052446
-198	28.765838	0.001816	0.052268
-199	28.620032	0.002378	0.068148
-200	29.412592	0.001912	0.056338
-201	29.405397	0.001907	0.056175
-202	29.401631	0.001901	0.056024
-203	28.822355	0.001664	0.048076
-204	28.825811	0.001383	0.039948
-205	28.832923	0.001461	0.042206
-206	28.841363	0.001457	0.042103
-207	28.807279	0.001474	0.042520
-208	28.818393	0.001471	0.042421
-209	28.829644	0.001467	0.042321
-210	28.839399	0.001464	0.042226
-211	28.847375	0.001460	0.042133
-212	28.853292	0.001457	0.042038
-213	28.856925	0.001454	0.041947
-214	28.947949	0.001352	0.039135
-215	28.948049	0.001350	0.039068
-216	28.947009	0.001347	0.038978
-217	28.945292	0.001344	0.038885
-218	28.943342	0.001341	0.038790
-219	28.941597	0.001337	0.038694
-220	28.850958	0.001467	0.042307
-221	28.850442	0.001463	0.042199
-222	28.716641	0.000860	0.024718
-223	28.717149	0.000859	0.024688
-224	24.564388	0.001201	0.029519
-225	24.564660	0.001199	0.029467
-226	24.564248	0.001197	0.029413
-227	24.563030	0.001122	0.027550
-228	28.759251	0.001115	0.032062
-229	28.666994	0.000821	0.023526
-230	28.664390	0.000819	0.023471
-231	28.662029	0.000817	0.023418
-232	28.659005	0.000729	0.020877
-233	28.657065	0.000725	0.020765
-234	28.655080	0.000661	0.018940
-235	28.654033	0.000659	0.018875
-236	28.652961	0.000657	0.018808
-237	28.651801	0.000654	0.018732
-238	28.650859	0.000651	0.018657
-239	28.650348	0.000649	0.018579
-240	28.650578	0.000646	0.018502
-241	28.651797	0.000643	0.018424
-242	28.966964	0.000818	0.023685
-243	28.970028	0.000815	0.023597
-244	28.974632	0.000811	0.023492
-245	28.979665	0.000722	0.020884
-246	28.983904	0.000718	0.020780
-247	26.152947	0.000658	0.017167
-248	26.155354	0.000653	0.017032
-249	28.903626	0.000778	0.022411
-250	28.902478	0.000771	0.022216
-251	28.899183	0.000765	0.022019
-252	28.894021	0.000758	0.021822
-253	28.887330	0.000751	0.021621
-254	28.879711	0.000744	0.021421
-255	28.871807	0.000737	0.021221
-256	28.864306	0.000730	0.021021
-257	28.858161	0.000723	0.020827
-258	28.853865	0.000717	0.020629
-259	28.852196	0.000396	0.011396
-260	28.853447	0.000392	0.011295
-261	28.857339	0.000389	0.011195
-262	28.863104	0.000412	0.011856
-263	28.869525	0.000408	0.011748
-264	28.874845	0.000404	0.011640
-265	28.832929	0.000360	0.010344
-266	28.831727	0.000324	0.009314
-267	28.825671	0.000321	0.009225
-268	28.769720	0.000335	0.009618
-269	28.753407	0.000332	0.009523
-270	28.733717	0.000329	0.009430
-271	28.712666	0.000325	0.009337
-272	28.604384	0.000264	0.007560
-273	28.591614	0.000262	0.007502
-274	28.582907	0.000260	0.007448
-275	28.581424	0.000227	0.006499
-276	27.345799	0.000297	0.008137
-277	27.353579	0.000295	0.008074
-278	29.097201	0.000237	0.006889
-279	29.106601	0.000235	0.006828
-280	28.577973	0.000220	0.006277
-281	28.577957	0.000218	0.006220
-282	28.572473	0.000216	0.006165
-283	28.740794	0.000210	0.006031
-284	28.728978	0.000208	0.005981
-285	28.717191	0.000206	0.005932
-286	28.797521	0.000194	0.005613
-287	28.790926	0.000193	0.005570
-288	28.701724	0.000211	0.006061
-289	26.822400	0.008305	0.222499
-290	26.822400	0.008293	0.222174
-291	26.822400	0.001737	0.046514
-292	26.822400	0.000000	0.000000
-293	26.822400	0.000798	0.021387
-294	26.822400	0.000000	0.000000
-295	26.822400	0.000000	0.000000
-296	26.822371	0.000196	0.005250
-297	26.822362	0.000188	0.005047
-298	26.822400	0.000000	0.000000
-299	26.821279	0.000280	0.007528
-300	26.820324	0.000281	0.007546
-301	26.822400	0.000000	0.000000
-302	26.822400	0.000000	0.000000
-303	26.822400	0.000000	0.000000
-304	26.800820	0.000244	0.006566
-305	26.822400	0.000000	0.000000
-306	26.812772	0.000233	0.006266
-307	26.822400	0.000000	0.000000
-308	26.822347	0.000223	0.006004
-309	26.822400	0.000000	0.000000
-310	26.822400	0.000000	0.000000
-311	26.826637	0.000207	0.005559
-312	26.822400	0.000000	0.000000
-313	26.769869	0.000201	0.005402
-314	26.822400	0.000000	0.000000
-315	26.822400	0.000000	0.000000
-316	26.738129	0.001641	0.044045
-317	26.822400	0.000000	0.000000
-318	26.822400	0.000000	0.000000
-319	26.822400	0.000000	0.000000
-320	26.822400	0.000000	0.000000
-321	26.796229	0.001899	0.050759
-322	26.822400	0.000000	0.000000
-323	26.822400	0.000000	0.000000
-324	26.796218	0.000361	0.009701
-325	26.822400	0.000000	0.000000
-326	26.822400	0.000000	0.000000
-327	26.784365	0.000568	0.015324
-328	26.822400	0.000000	0.000000
-329	26.822400	0.000000	0.000000
-330	26.798338	0.000510	0.013731
-331	26.795493	0.000495	0.013334
-332	26.822400	0.000000	0.000000
-333	26.822400	0.000000	0.000000
-334	26.757163	0.001407	0.037550
-335	26.822400	0.000000	0.000000
-336	26.773429	0.000152	0.004066
-337	26.822400	0.000000	0.000000
-338	26.668594	0.000161	0.004297
-339	26.822400	0.000000	0.000000
-340	29.124652	0.000000	0.000000
-341	28.474850	0.000807	0.023059
-342	28.699951	0.000000	0.000000
-343	28.708230	0.000209	0.006004
-344	26.822400	0.000000	0.000000
-345	26.822400	0.000000	0.000000
-346	26.814431	0.000280	0.007527
